151864
299230
9158
7723
191437
179042
8739
8257
95932
19644
9285
9712
126739
58356
25345
116650
33181
9712
55900
8184
69347
9767
9991
9767
36359
46074
9991
9991
204674
9021
7514
8184
7407
186666
127888
9767
9991
553
166070
131700
14054
385499
8255
350388
9991
9991
172907
9991
9991
76484
9991
8255
9767
9767
9712
9991
8257
167382
49331
149991
8255
191052
9767
7059
13255
4356
9991
60879
8869
140225
9767
216902
8718
9285
368493
355697
4356
8869
9818
19868
181226
9818
211398
52895
8869
8869
4688
8776
68259
26846
132251
9818
26612
117056
22707
28396
407201
52615
8869
51194
42890
8869
9818
8869
9712
34744
288398
8569
8869
334638
155863
9712
9818
164299
9818
7051
20729
154342
9818
14134
12777
4653
8869
78820
24540
8569
34119
8877
236513
