100 200
8337 2726 8624 7113 4879 5474 1429 5683 1392 9285 4151 4368 1554 79 3265 7167 8174 7962 295 4448 880 9767 2493 3927 3627 7836 4254 5002 7723 2287 4581 1498 5988 1561 5318 4908 2021 2557 2698 1283 8718 9158 2230 2596 2130 5403 5866 7407 357 5672 3597 8257 130 5391 3316 4688 2305 7624 6843 6938 4418 2648 4653 6457 1974 8869 2340 4477 8739 7059 6876 2421 4293 2464 567 3905 845 9513 5499 9139 1353 4725 4417 1689 1849 7051 1468 2672 2739 3572 76 1266 2003 2315 469 3426 1019 6961 8184 4714 
2 19 54
1 89 6654
2 9 75
3 38 71
3 28 32
2 56 100
2 12 53
3 67 73
1 91 9712
3 45 59
2 64 83
2 24 27
3 3 19
1 24 6990
3 89 99
1 83 8776
1 42 6456
2 61 88
2 59 69
1 1 4606
1 53 194
2 27 32
2 43 68
1 54 7559
1 84 9818
1 78 9991
2 26 32
1 53 119
1 95 8330
1 30 8586
1 67 4880
3 87 98
1 60 7211
1 45 3981
2 76 85
3 99 99
1 50 9021
2 86 100
3 4 36
3 62 84
3 6 49
2 82 88
1 98 6773
1 100 553
1 9 1611
1 95 3067
2 85 97
3 68 84
3 73 98
2 7 51
3 47 56
1 95 7514
3 95 98
3 99 99
3 47 49
2 11 51
1 89 7689
1 29 9684
1 39 2591
2 73 99
1 99 9995
1 99 8255
3 5 28
3 40 92
2 100 100
2 60 91
1 77 1574
2 65 90
2 59 60
2 6 84
3 98 99
1 50 99
2 19 91
3 5 85
1 30 7129
3 40 78
2 46 81
1 92 8877
1 80 4870
3 62 90
3 68 91
2 66 80
3 70 90
3 95 99
3 19 42
3 22 33
3 89 93
1 28 5541
3 46 88
3 50 58
2 7 43
1 38 568
2 64 71
1 5 5029
2 3 32
1 19 9103
2 99 99
1 75 4356
1 60 7082
1 65 8764
2 61 97
3 10 34
2 70 70
1 99 5565
1 12 9758
2 94 96
3 73 75
3 75 85
1 64 4849
1 49 3822
1 6 4585
2 76 87
1 100 8569
3 64 72
2 56 82
3 5 46
2 54 94
1 17 820
3 36 45
1 58 2427
3 1 10
1 93 7274
2 20 94
2 1 74
3 72 76
3 60 68
1 72 1879
1 65 7972
3 80 89
2 71 75
1 37 1899
1 78 4042
1 9 9432
2 13 52
3 46 91
2 12 58
1 93 8557
2 70 82
3 49 76
1 49 1754
3 53 77
1 60 5297
3 56 57
3 80 83
2 8 19
2 34 41
2 4 28
3 12 93
1 5 5451
2 94 99
2 76 98
1 52 5099
2 24 27
2 14 19
1 29 2126
2 1 87
2 92 100
3 36 83
2 8 17
2 85 92
1 28 4082
3 34 81
1 29 5419
3 1 100
3 34 69
3 87 96
2 76 83
2 26 89
2 100 100
3 59 71
2 14 87
2 59 89
3 86 98
3 39 92
2 1 31
1 14 8737
1 55 7939
3 21 97
3 86 88
2 85 89
1 95 6218
2 55 85
3 21 92
2 99 100
2 52 54
1 78 1749
3 62 63
3 56 75
2 32 52
2 61 65
3 100 100
2 84 90
1 55 8326
1 62 5156
3 92 92
1 78 7907
1 10 6728
1 64 848
2 31 83
1 40 5183
