7104264
9927
9987
9993
9993
9965
458218
148652
9708
3413906
17770799
3275107
1625675
9889
9920
3396022
9804
3411066
17524505
48389
19166787
9957
9996
9993
9930
7129409
6646783
9976
9871
9993
9987
401802
9990
1034599
8894303
8748298
9728
9965
9990
10000
9853
6818681
9993
9996
5064606
9977
9965
9990
745462
9993
2192269
9993
72480
12315321
78827
7390654
10000
2909906
7617506
5820372
9987
10556521
4927162
1783239
16429467
10000
9990
9920
2555853
9990
2645803
1643315
9993
9990
9965
8468453
9965
770065
9993
9957
9990
9976
4931752
9868175
10000
9993
7182698
9965
9885
9977
9965
2510598
9965
144307
9888
7788942
5447752
1355034
10000
9987
9930
16085909
10000
9990
4415108
9990
10000
9824
9965
9609858
19962499
9993
2304755
9993
9993
5942249
3130852
9993
11708900
6887292
2017933
140894
2409289
9990
10000
1384835
236768
330177
13942404
3462028
2261003
9888
10000
9990
555222
13079184
12314629
2381997
9977
9990
10000
1571228
1050105
10000
9888
7743
5508089
9996
224040
5689798
925488
9587
9965
8268138
424726
3065031
4522679
9930
9999
8025891
9965
4996354
2854171
9927
4243957
9976
11568813
6108277
9927
9990
9965
9987
13818373
9703
1624339
10000
10000
6181699
5361932
9987
9990
263329
9871
9965
9996
9909
10000
2154113
9708
9990
13844991
9909
1627867
4012483
19062167
9990
2946848
9975
95533
9885
6345307
10000
6290918
5209134
9990
4520806
9987
9990
5380729
10050120
9990
6258486
10000
2334177
1670970
1020882
9993
9993
9947
10053422
124834
9993
10000
8077874
9993
9996
11414338
8619991
9888
9996
12762386
14889924
18363048
9965
9987
1284145
1663205
9970
4768225
149153
7165035
9982
9990
9990
497868
3925162
10000
5473319
10000
9978
1193670
9947
10000
19026136
15366399
9717
9993
10000
19013645
9976
5190936
10027728
3225864
9660
8850546
9927
9805
9990
7362345
17791177
9965
9987
3771733
6216483
9993
105141
9990
9993
871405
650606
9996
10000
9965
9990
9993
675918
597158
3952994
10000
9990
9990
9990
10000
5534129
7487462
5024999
9978
9990
1091254
9987
10000
10000
9965
3917224
9920
10000
10000
1034235
9993
9996
13896958
9993
375647
2085934
9993
10000
7934997
4414609
10000
13165145
9976
9990
7760134
3086474
2705348
2557825
9834
9375419
10000
12209985
4685442
3171339
9990
9990
1265460
8313473
2599775
9871
10971621
9791998
9987
9990
8761428
9061
2574078
9929
3579594
6400228
9965
9302
9976
9980
4929055
7203519
1743975
20183787
9996
10000
2997110
5080
2499187
9987
10000
10000
9990
9993
6242363
1653469
10000
1224634
9957
882419
5374437
9965
9993
18574067
9987
9965
7848929
9889
12081313
9993
2215782
5303802
5585774
2953049
9088729
4981128
9965
9977
9990
9993
136828
3459210
191308
423940
9975
7851161
9990
10000
10000
9990
9990
15959777
4336854
25201
10000
6712826
7406566
12166224
9965
3760337
600131
9927
8975275
10321782
5995139
9993
5288257
269925
4190749
8109151
4805480
9993
307532
11422712
10000
1216180
10000
9993
640929
906715
6211026
9990
10000
9990
6395838
124373
9708
10000
3692861
10792613
9965
903531
5451667
1365505
6646889
186886
9990
9557
2519493
9990
9987
10000
10212311
9965
7414
10000
397732
9996
9993
10000
9993
9976
2243072
10000
7139626
2533418
10000
1067720
10000
9990
10000
9996
9927
5345331
10000
9990
3171800
9993
18024544
9993
9947
9999
1930538
9996
20798331
9993
9993
9920
3464099
10000
9892
10000
9990
9990
17891018
9990
9990
10000
11149633
9888
10000
9987
4773872
9990
9530663
15218309
9987
9892
9990
8187215
6016803
9965
9996
8959196
10000
385652
9996
9990
9993
10000
12719982
14835303
9965
9993
6011011
9053740
421512
9728
9136394
9747681
10000
3108543
1873419
7501053
10000
10000
10080089
9805642
9965
5570811
6534862
6411337
9877
9990
9993
9976
9818232
10000
9996
1033372
9990
9957
9993
9993
10000
10000
10284311
13293049
9996
1773533
9965
240017
1192354
9930
9965
128620
9957
8954
10000
9909
8706597
9990
10000
9976
10000
2598151
7636258
10989456
10000
2038730
5097807
601022
2866899
9965
5638757
9990
10000
13852171
9993
9990
2053954
2363221
8702099
10000
18732169
9965
5037732
9947
9993
18627110
9993
9930
11605884
9965
6330950
9512
9927
348150
9930
9977
9993
9920
18906839
9965
9990
2084482
10000
22839506
9993
7672041
3126108
1312524
293996
10352546
9993
9993
9965
9990
8019469
17092451
10000
9965
9987
9993
509860
16765169
7868436
10000
16909733
12264726
9965
1989166
2144140
14085992
10000
9996
9987
10000
9965
9990
13623363
12381402
9965
8022583
11715931
12832416
7490951
7491875
9990
3559074
9990
9999
10000
9885
1167645
445040
1231346
4474246
4590360
4306544
9819
6831464
10000
10000
9495
884904
16977352
9819
9987
520478
9532779
10721435
1040792
4186869
2424299
3601665
9996
9819
9993
9993
14679288
9993
6297306
7041130
9990
4183152
18147921
9993
9965
4560402
8346685
9874
9869
10000
308806
9990
9990
9965
10000
1297098
9965
9957
1369285
9990
9977
5790057
2349532
9993
606467
1120437
10000
9993
12492923
618242
9990
9976
10000
10978064
10568832
10000
9892
9871
9993
1103691
9987
1294875
9993
9927
6232294
9990
9990
9987
429275
9030218
9728
5459709
9990
9987
25198
13338557
128233
9978
9892
10000
3875339
9990
2561921
9987
9930
9990
9987
9990
9996
8393907
5396318
15513254
812508
375756
1757351
520799
348925
9993
9965
14032250
188394
9847
7982128
113096
2555226
54911
9993
9993
15122533
6502369
6671110
9812666
16151643
9909
244829
7446944
9993
610624
9497
666839
20180637
175319
3120321
13074093
10000
3026017
2969228
4974507
9965
10000
648813
539471
15036463
7719700
8652469
1467934
3714276
9923
9990
9990
9990
9990
1473534
11847820
9987
2542881
9993
9888
5996533
9990
4224252
14507104
3771061
12589628
17246598
9990
9990
4253471
9836
9930
12800897
11638456
804009
595760
6443
8536900
9836
9203615
416007
9930
9990
9987
9993
22000
9708
12134598
9965
10253473
9978
9885
9868
9998
786500
10000
10079121
10000
9044665
10000
10000
9885
4764161
811805
9990
9990
4922507
328797
2546635
10000
10739329
9993
2851898
7948
12564103
9990
9923
15916763
10000
9993
1756168
1166562
9947
3992470
6902492
9990
1912093
9976
4429806
1641245
675727
9996
9965
9920
9993
9930
12682440
9909
8923207
1933899
11135079
9929
1592668
9936
4207233
74052
13844979
9999
9990
4319529
10000
9990
9990
9990
9965
10000
644181
1570323
12704274
2292985
9990
7584413
2950039
1447650
11500772
6393934
2710750
10000
9993
9965
309713
9820
9990
6344713
392201
9993
2564933
10000
10000
2157528
6343060
13280408
13414085
383388
9990
15308386
3592
4872643
9965
11646063
9987
571528
10000
5769
6451071
1139544
18272277
9965
9993
14025707
2288710
8789968
2021309
9947
9965
9977
13427105
12832216
9996
14190327
9965
9990
9965
10000
10701841
9213904
9965
6928072
16153204
10000
10845080
9213021
3865711
9993
677275
5415349
13064007
9990
9965
1143165
9993
9996
9987
15186286
9892
9965
10000
1876773
9978
9993
10000
9976
3569611
9987
12910481
611677
10000
9888553
193566
9990
8161250
2043602
828877
11222247
7203277
9153362
9988
9892
55624
2939461
9990
10000
2400299
9965
3042383
1294019
9999
4806210
9993
9965
3807645
1481930
8504865
2603229
1533499
1579343
192463
9993
9889
3809831
9993
16800887
9996
7122
9993
95364
8069502
2513786
751336
10000
15443276
10000
16532190
15056311
6457612
9976
4934041
6410882
9993
9988
9889
173418
9993
1782227
284632
2105548
7174833
9728
4929305
2088814
7300409
9993
9965
8777805
9834
578095
9990
3433016
9976
10845333
8077314
9990
2251162
1730271
9993
10000
228535
9965
9822
675560
9990
9990
9988
81184
3724849
13818657
9990
8055861
10425368
723773
9993
10000
2247910
10000
9990
9708
9987
9965
9993
9993
9987
10365405
8839
3504333
14638930
7614580
9990
9953
10000
11339123
9830
9990
10478228
15274748
10000
9953
13678956
219649
9990
9990
3547486
9965
7520521
9990
9978
9965
4234655
9838
9786
2313282
903587
11637717
1004229
9990
1004984
18684845
2731729
9996
9874
9993
10000
21833828
13400281
9965
7480478
9990
9996
9936
2885344
1539846
9990
9996
9990
9993
6756640
9990
883232
9947
9965
9965
9990
875234
9988
285649
9993
1946011
761825
330994
5136530
6401394
8176333
9953
9993
983850
6667909
54814
9993
10000
4320802
14762127
1420897
11857068
5474650
9987
10000
15803660
9990
4561588
8954
14663508
10000
953794
975204
9965
9993
11673926
5420285
9728
8291331
9990
10000
20863993
9965
15764731
9965
924376
9993
4032654
5512935
7113217
5417517
469716
1891057
3658224
10331227
9978
6925335
9993
9987
4833748
9930
5652155
12127699
8145077
742937
15829537
9965
501479
9996
9425293
9996
10000
9990
9990
8175160
2178676
10000
9965
9987
9993
10000
9990
9990
11586535
9678
10000
9996
12953295
9993
9892
9909
266615
9944
246304
2221274
9965
10000
9996
9993
19695550
13901110
491788
9496561
9996
9996
9885
2117152
9976
2417247
613761
9987
9965
15916528
5328553
456277
18647026
9993
9993
8474511
9999
9839
9965
2263657
9990
6829980
9957
2675140
1467279
9965
906399
9877
9708
4657145
9965
5282622
12076923
339370
1230495
14976248
9965
9785
9965
10406005
4832544
9988
104366
9957
9944
10000
18591024
1602342
9889
9965
9891133
9990
5683385
9990
5316749
9819
13665090
14394836
9678
10000
9892
1632070
10000
9195
9993
249885
9892
20408104
3200090
3139145
1050402
3548483
10000
2095914
781407
9993
9152
575377
9990
9999
7811550
9944
9978
139417
9990
10000
9999
6742877
9990
1096405
12075338
10000
1686965
18973634
10000
9957
2536525
9439968
6909247
9965
9982
9993
9996
10576635
9877
9634389
10000
9965
9993
5655362
6147921
9947
1087854
130109
766451
9993
9819
9944
9977
6405690
1765599
11681962
1802296
9993
8857495
20880654
10000
1347559
7340413
9996
9944
2750325
9965
11860863
9892
10000
9203632
10379866
972387
9819
1384300
10378
1191539
9976
9990
10000
10000
9993
2677843
9976
13485876
9977
9990
9957
1512605
4213269
10000
8696282
9112856
9495
9965
9996
16171516
9965
3104051
14775191
9998
9990
9987
10000
9990
3800629
1353171
2617698
5568037
588980
8098370
9965
2697387
3592047
9990
33149
16891431
6482510
10000
10000
9993
19432209
7381705
229676
18556414
836774
17578505
7492150
7977749
2818569
9987
962467
9069139
1410013
3724377
10000
9892
9877
5846620
9993
10000
540406
821382
13396679
9990
10000
3683822
335052
9977
16062438
9766144
4610560
9990
912857
9990
9965
6102372
9993
1123535
9107302
16358203
15333747
9877
10000
13051214
11820688
1242715
11602162
9990
9993
10000
9892
10000
9993
22276986
9679
3730964
10000
9927
19000218
9993
9990
822677
2206171
9976
16806404
9978
9993
9990
4486804
9993
9993
13864224
9965
9965
9990
9885
9999
15093687
9930
9987
9927
10000
9993
9996
14209780
9993
9990
3396325
9900
9947
9944
9990
9965
2860439
10000
8919542
2860979
9965
13457860
9965
9987
9990
9990
6143373
1475181
116858
17033595
19314795
9834
1675855
1948826
10000
10000
528484
9059369
2663925
9988
9944
9965
9987
542
1414037
844682
7865246
3747073
9990
3696448
10000
2727612
9999
7241731
14866630
668978
1493634
10000
9524326
10303631
2682604
4185635
1133096
12699351
3067719
9965
1203209
6383053
9993
10000
10000
2448195
10000
9664
9944
5912000
9965
10000
18340991
14123288
9993
2871610
9990
10000
7664
9111319
10748099
12698778
1459581
10000
9990
2478618
4843108
10000
10000
11239487
1570642
9990
9965
171277
9927
8863624
9200307
293827
10000
9996
9993
10000
9990
10000
10000
9976
9990
9249894
3010863
10000
235327
9993
9122031
9993
9868
9990
8396590
10000
9990
9987
18029693
5974684
9965
1501633
16732584
9993
2757334
3515661
5464027
9993
9965
9993
6903129
5130495
9033050
10000
3991468
9975
10000
9965
9990
5587519
9965
9996
10000
527938
8144348
1587844
9976
9987
1279122
2221137
9108
6306219
4782695
9993
9947
9976
2582259
9990
7035804
9957
9812
9990
9990
9993
897683
6169120
9993
9993
10000
1295001
10000
9999
2855946
9993
8959090
9987
2160299
9965
9996
11901886
10000
3117876
1643928
9888
3839324
9990
8548140
10000
10000
9988
10000
9875575
9965
1892736
10627113
9990
9996
65131
9900
456698
8022691
2952745
9965
9900
9123283
9990
9900
9990
9990
9758
10583737
9990
838388
9990
9996
9996
9990
5982613
9993
4732070
9987
6107664
4850954
1780176
9336108
11121610
9965
9857822
9965
9993
150499
12178427
743747
9562
7930465
9993
9923
9889
9990
9957
3339252
598640
17978112
9988
10634576
1366558
3078001
9965
4334989
9990
9927
6514686
9885
9965
9990
6719196
9944
9993
16226755
1100609
3215826
12372210
9877
9877
2841163
2923414
4707418
14066659
6267241
9923
9987
11987418
780558
9824
10000
1585194
9944
9889
11095206
10000
9993
9987
989051
10000
9984653
9965
10918200
472221
9993
9993
9996
5318013
592005
9993
1258047
9987
9993
9976
10000
4495098
9927
6277798
9990
349082
255819
9877
9965
9990
9131
8752567
9965
6723839
7293768
9965
10000
10000
6758758
9608446
9965
2770830
4737836
9965
9993
9993
10000
9987
9987
6258100
2193371
16449103
360373
2609600
825413
10000
9990
9993
924574
9965
9987
47537
3947791
118827
4666597
10000
7369042
9990
1358000
9869
950984
7754262
6809515
10000
1095117
9927
9927
9421152
1001043
9812
6687170
9900
2475547
9993
9868
9965
4342253
9976
4289757
9965
8137953
9927
9996
3215780
1078971
40043
10000
18933324
10000
16105265
10000
9957
932071
1707327
9976
18322827
10000
9993
10000
9965
871528
10000
9944
9990
9993
2392925
6341090
3248176
3113508
4850354
9993
15210582
18019011
1840625
9990
5714357
9944
1292189
10000
993224
12406887
10000
31224
1414769
246012
9990
12523606
9805
12145720
9990
9988
9930
9965
192684
2030396
12803306
4565455
452243
10000
2331514
13018784
10000
6323715
10000
9993
9965
2456902
9851939
9664
9889
8954
9569
3564298
20577004
1743069
9993
10000
1962123
420173
5850118
9996
9993
9990
7902502
9957
9987
9944
6521028
9990
2189318
6321225
11322885
247479
9965
4883439
1341200
9965
15027384
9978
620660
9944
9990
9965
9957
9993
9993
13889956
9965
9996
176740
9990
6909770
9927
1206811
9993
7652549
10000
341911
10000
7813447
3850320
11865857
10456012
9678
9908478
9886
791147
410527
1233760
9874
9993
10000
10000
307913
620860
13892897
9990
9993
9998
10000
9990
9993
10000
8124561
9990
15957775
1471271
8701362
9877
9993
13336342
10000
9987
11646052
9996
6555271
1834449
2256261
1214865
3438997
14550447
2147435
10000
264088
9987
5848233
17608269
10000
9990
15653816
9990
3371883
610370
14434278
10000
4639689
1601933
15434525
1651324
10000
9990
14340190
9993
9965
9990
238681
107523
392972
10000
10172021
9996
9990
9990
7676265
2101268
202470
5471458
9927
2337201
8517
9957
9990
15307909
5192332
9965
1681955
9990
9965
1516887
7394678
9965
5141816
19400558
9990
9965
9990
242159
6693619
12609213
13394521
9993
10000
3260310
9996
2757926
9990
2022213
6440806
10000
9807
5931221
8250442
9944
9990
9498
549463
9993
9900
1676242
9993
9965
9993
9965
104690
9993
9990
10000
9990
304243
18350185
14478039
2147651
16468517
1439634
12045591
10000
12103048
4211758
5908501
10000
10000
9990
10452350
2109491
9987
565386
10487867
1260236
10000
8954
9987
9993
3349657
10000
10000
4841583
746233
8404059
10000
9957
9990
9990
7635552
16530030
9996
9993
9990
2282135
4790190
3940772
3283696
17321520
10580877
9996
563798
2664625
16073407
312783
9990
9990
19360927
9947
1218067
2154776
9990
9996
9990
4137282
10000
10932803
10000
9993
9114356
6220914
9993
20324722
9987
6649433
7162237
9993
9987
3857944
9315
4448263
1832254
5796507
10000
1468178
8570692
9993
3355205
1974145
10799226
9993
9993
5096874
7711489
8954
311627
883777
9993
9902859
919901
2750861
5303394
9990
10000
6047520
1889273
10000
9990
4998645
9993
651389
9990
10677786
4508693
11265201
4114390
3196117
802993
11926180
18114509
1400046
7454511
3835421
1546073
12359337
9990
1049217
14529265
5064326
6601500
330340
10000
9990
9965
9987
9999
9965
9996
1629330
16852165
8349194
2780130
20628643
9993
14388624
9990
140260
402031
13703080
16116
3836793
131619
9889
10000
9990
6510977
9965
390421
3093411
3851874
6656405
9993
9990
6827402
9383404
9993
1262486
12062230
9965
10000
3811445
9993
7782902
9990
9965
2201348
2528272
185857
10000
9990
1598832
9965
8441144
9947
10000
15275635
9147712
7566605
9990
10000
8263607
9990
9990
9993
2453495
9990
530452
9987
9990
9990
6239781
9877
12678146
463804
9900
9877
4651520
10000
10000
9816
9993
21528854
9944
10099940
10000
2161413
9965
9754
10036079
9965
9923
10000
309571
9996
773269
9810
1070364
3156384
10000
9892
9993
4235907
9965
9996
2125280
9501866
9957
9993
1879203
11130896
10000
9900
10000
9888
9965
5469933
2376308
9471
1306041
11704438
9889
9993
1168048
9993
6590905
9692647
9990
3219304
9965
775996
9990
449016
9993
9900
10974523
3665816
9832242
21788402
12480676
9965
6557366
9944
9930
3891787
9990
9990
9988
9993
12335774
809470
9930
14929288
9987
6802715
9987
10000
10000
6675400
12074677
9987
18120973
9993
2223092
1886617
9900
17993264
1586889
10000
9892
6076870
9927
3726969
12958137
9976
9562
2441486
9990
1793900
9996
10000
10000
19699415
12932735
9965
3057047
9993
9857
5873251
9001867
9996
10031252
2361475
9957
9685
10000
9242040
9990
10000
9976
50863
9990
9190671
5825894
9965
6615605
9993
9040126
16434438
2016906
5519866
9990
10240696
8275834
9927
9993
3535606
1612431
2177127
952915
9889
3439028
19731039
4343328
2353569
1657633
9947
9990
9993
9990
9095326
9993
8734270
1448114
549519
6814218
8348476
11912300
9999
10000
3695150
8973283
9993
9999
4723164
9965
1953456
9982
9993
3806575
9885
10000
2938605
6600166
10000
9990
10952701
976136
2071647
10000
9990
1393706
9993
10000
6650542
9990
9990
2038154
1489164
1613107
1966745
14411571
8100330
9988
1381923
7174523
1454332
10000
9990
11539415
5983410
3999923
2191634
9996
4117635
10000
388332
5462794
9927
9965
9885
2140525
9990
9993
9993
1207286
9993
9889442
5507048
8571867
11632550
4756952
15670841
9888
9944
9965
9990
9944
9987
14114051
841922
9947
3666711
10000
10138228
4173270
9916494
516040
10000
5085520
9892
6706190
7874335
1212720
9957
8400331
9857
1003902
10000
9944
538724
9996
9990
5596549
3490549
5607589
9990
7568118
6313841
2650624
9837
8947630
216510
6065562
18074200
8434369
18830762
9990
9990
10000
5106356
9990
4010044
2004474
10000
3739597
1450277
9968724
10163275
3998951
5246758
2190971
5336804
9927
9990
377701
27220
5664570
4292221
5147833
2147900
9885
2736295
9999
10000
9993
8045535
9990
9965
602715
17832957
1035440
11642363
15075693
9987
9976
9598
329095
5522082
9990
5549137
1763297
10000
6513197
9993
9996
9987
9993
9996
120037
10000
6216133
9987
10000
9965
10000
2080021
9990
9990
9868
10000
9885
7615292
11524348
1106484
14336300
14474965
6418574
9872
9990
6097221
9987
9996
9993
405149
9957
7194674
10814068
9987
10648550
10000
9990
9944
4746146
2578895
7221718
1140350
12768145
9990
2412229
9988
5255371
9990
9993
13020614
9993
9965
8830
4696849
9965
9993
1521653
9993
9990
9999
3352224
9855
9988
6424029
6882943
10000
10000
6582692
3263268
11200309
8515221
4987488
9976
4187938
10000
9900
4245502
9990
9990
2412065
9993
9965
11188688
9999
9877
17656293
9965
9993
7204601
10000
13895040
4976453
21483693
2512373
14870958
9965
4515773
9987
4607530
9987
7676566
6967846
9033123
3550185
9513150
1286894
9993
9965
3508786
9309322
6178768
2530047
14096455
2167611
569970
10000
738878
10000
538355
9993
14190968
30591
9965
9412904
2217306
9987
1735456
9996
6124090
9993
3897946
2625044
9930
7684982
22277
9534
9990
9965
9987
9150514
9990
9993
10000
9987
44047
9878
9990
9900
1003670
7117326
9987
4087734
9976
8166404
9965
5363417
13397400
1749715
9900
475402
9889
4588209
3565423
9993
113882
9885
7705011
9965
9996
7671528
1459449
9987
1584334
10000
12015674
2134464
9965
5200032
9993
21013067
9944
9993
9993
9885
9990
9993
9996
22405502
1085934
6498350
9885
9975
9993
4226365
232771
1399346
9993
20606913
10000
1887502
9993
4259759
9993
9990
6848
8312937
15560481
2269340
9990
4243638
9990
9927
9923
11304371
9990
11620140
4164824
9990
5110012
6990863
16232319
9987
13802854
9834
19282109
739078
9965
1878355
15924921
9944
2292760
17282415
10000
2812107
18393859
9976
10000
9987
2118991
9990
2145309
1135051
9993
10000
9990
1105237
4541637
9993
9990
186891
9965
4929065
10000
2050200
9546949
12033223
9990
10000
768750
6002130
9965
35899
9990
9987
3931598
9990
9996
3457122
9990
101882
11633371
10000
9965
6253076
946557
853573
18592197
9927
5394151
10000
1966627
2213463
7557016
9560083
9993
9990
3604861
2829259
12843916
9747109
12736221
21066202
359157
9993
9990
9869
9993
9990
4553763
5878218
10000
1657263
9944
9996
9960353
9996
9965
498856
1850693
9993
9996
5094335
663073
14194585
10000
13047637
4449276
4155333
1402595
14714272
9990
16648645
9987
10000
9990
4401294
108785
11817870
6960392
9965
8096602
9990
15571882
14844312
10000
6592148
14731913
3938860
3331844
6090790
14117512
3037752
9993
9936
6748057
9990
9990
9993
9996
12933320
3738835
9965
10000
5485054
19999865
9990
1321594
9965
104699
9965
9869
136897
9998
9957
9423017
22636455
9965
9993
10000
1471404
3086042
18516203
9990
9965
16595946
6598585
9993
9965
368815
337797
704966
2097278
2524102
9957
8024310
2861833
9957
9996
9988
8023405
10000
9996
10000
9784
510628
4714936
9996
2713778
14136047
10000
9990
10936553
10000
8252276
9993
2672755
10000
9623150
12550277
10000
9957
3720951
9862492
9936
9993
3381564
10000
9957
9993
9957
9892
9805
9996
9944
4129238
9999
2168629
9957
9990
9836
2126911
9993
3242461
9993
2215612
9996
9965
2566884
9990
9728
9965
156172
10000
9965
9987
10000
9990
9996
9987
10000
3905660
9990
7325394
549883
6681600
306144
9661134
9996
4362688
7836089
9957
8039013
9993
9836
9965
1790271
9993
17386624
7192180
9990
18986
9944
14120241
14803205
283587
9975
9990
9936
9993
10000
2741671
11025577
9847
9993
8524010
9993
9993
9877
9965
11254286
7118113
9936
10000
10000
9993
10000
6983230
15416268
1064625
2086108
10000
9990
10000
9990
10000
9987
9418181
9990
10000
10000
2779336
1942106
9990
9892
10000
5921339
9996
10000
9990
4755826
5696156
1711418
102543
7283727
2170438
17450580
18598275
9990
14716814
9993
5461201
9965
2904268
10000
9944
15776708
7374073
6827774
2699842
5172252
10300370
6000737
9993
10000
9965
1834869
548776
9987
9988
859236
4555487
925853
10000
6262210
9990
9965
18641106
5144152
9993
598435
9993
2582206
13686244
9996
9853
173774
10000
9993
9993
9993
12937518
5921005
9704594
9728
9999
833157
10640673
6824799
5393931
10388181
9965
9990
2435090
10000
9993
9965
2475608
701825
10000
5391316
9996
9965
4343555
17759020
3586627
9965
9965
3365273
9990
9987
10000
9902
10000
861411
9957
9987
1316912
574027
9965
162924
9990
9886
4036318
4089688
9930
9987
3219823
10000
1132420
9957
9993
9990
6752717
10000
10000
9965
9976
9965
1844969
16725052
9993
852290
10000
10243686
7201034
9990
4491246
3679165
9993
9926
9965
9993
9926
9993
10000
10312666
9993
10000
9965
9993
9857
9885
9993
63789
2456255
9993
