100 200
8343 4221 1583 9705 2741 562 4889 2593 1647 6990 3855 4456 3062 404 4880 9075 6275 2044 3956 8729 3709 7961 9756 7956 65 7186 4102 5186 7707 289 582 1003 1082 7465 8010 2259 6133 9917 1855 9337 7059 255 8430 4722 4286 6331 1724 3376 8938 5278 6665 4737 5364 1125 4615 7108 5095 2755 4469 2733 4822 448 5178 7937 4780 6739 4515 9418 3303 2811 806 837 3940 2518 6023 2721 5361 4198 6545 2994 4500 3665 8945 4589 6113 2358 3028 5086 4552 2750 2898 590 6449 1813 5111 8579 9241 6996 1669 2135 
2 9 92
1 58 7828
3 12 47
1 58 6710
1 57 919
1 9 6742
3 31 92
1 96 2938
1 81 3963
3 81 84
2 79 89
2 5 58
2 96 96
2 89 95
2 31 91
3 52 72
2 60 74
3 80 89
2 41 69
1 33 5185
2 38 52
2 17 54
2 48 68
2 77 87
1 41 6137
1 31 1113
3 15 100
1 17 3203
3 70 96
1 50 431
2 52 64
1 20 8378
2 95 100
2 74 79
1 57 5279
2 93 100
3 74 82
2 60 77
2 54 61
3 17 23
1 24 6020
1 14 6730
3 59 66
3 41 79
3 10 80
2 39 96
3 46 74
3 19 22
1 78 8349
2 66 72
2 65 90
1 100 3812
2 49 50
3 9 60
2 87 95
3 9 87
3 4 92
1 85 9375
3 100 100
2 28 88
1 53 178
1 53 1160
1 81 1266
3 32 86
2 80 81
1 81 2671
2 50 51
3 92 98
3 30 76
2 48 49
3 11 59
1 10 1445
2 65 87
2 60 77
3 8 82
2 44 78
2 68 74
3 88 99
2 44 54
3 83 96
2 24 25
1 34 6856
2 12 20
2 66 67
3 55 80
3 43 70
1 32 3721
1 24 1802
1 60 5325
2 56 79
3 19 49
2 9 94
2 36 99
2 39 65
2 30 69
1 38 6544
1 13 1885
3 21 53
3 5 29
3 99 100
1 56 186
2 9 75
2 62 92
2 1 50
1 67 788
3 94 98
3 94 99
2 97 99
1 10 3291
2 4 54
1 94 1434
3 16 59
2 49 69
2 97 97
1 41 847
2 64 86
2 75 95
2 26 70
3 31 77
3 78 95
3 34 80
2 36 40
3 2 69
1 80 8056
2 60 91
2 64 82
2 75 85
2 89 92
1 56 2542
3 9 58
2 99 100
1 30 5367
1 56 498
3 28 77
2 47 49
3 12 28
3 46 67
3 57 75
3 13 19
2 24 25
3 41 44
1 73 5620
3 44 45
1 50 4927
1 97 1275
2 67 85
3 14 30
3 34 77
1 30 9344
2 51 54
2 80 88
3 87 96
3 1 61
2 48 91
3 78 88
1 69 7795
3 100 100
3 37 72
3 100 100
1 92 8150
3 31 77
1 87 6929
2 36 49
3 14 88
1 35 6149
2 1 6
3 17 21
2 86 100
2 39 67
3 20 34
2 88 100
3 57 86
3 40 69
2 89 97
1 18 5406
3 6 81
3 65 84
2 19 38
3 81 95
3 20 46
1 43 2745
1 58 6581
2 18 22
1 91 2543
3 57 86
3 12 99
1 99 5348
2 44 70
3 68 87
3 82 82
2 36 87
1 49 99
2 10 86
3 31 66
2 84 88
1 81 1599
3 36 50
1 12 5288
1 69 7461
2 58 65
