386966
9917
9917
8945
51838
260455
2938
24163
276328
9418
60785
8945
141984
82910
194957
105874
51759
9917
8945
56165
28090
27366
36352
6545
74890
36861
9756
7937
9418
9917
255369
9418
8378
28429
116709
9369
9917
32277
9917
9917
3812
289948
9917
4260
7096
9241
9917
12314
9917
106291
74890
9917
154915
23633
9241
43495
9375
6085
45784
11254
9418
9418
115942
9917
400612
296093
126180
193638
9756
9756
3812
304401
135730
234692
9241
9241
17906
236078
9756
93053
9241
107473
95494
201318
9418
9375
9418
26128
9756
146622
87268
66300
10790
9756
5481
9418
14038
9756
8938
9418
9075
1867
8430
4722
92401
9756
9418
13687
47773
6449
9756
200801
9375
3812
9418
3812
9418
65037
9756
27155
8378
62407
126303
9756
53120
9418
9418
35557
9756
9418
107112
9375
9756
29410
9418
9756
125474
9418
3665
240817
360006
9337
28337
9337
39540
