9976
500548
9995
9994
9995
983244
4432421
147792
10000
4845205
9994
9995
9994
9994
9972
9976
9945
1447617
9971
3380402
9976
2724920
19014815
9974
2541144
1679071
9923
7119138
9994
1231967
9239720
15959289
10000
7655739
9903
9976
9882
9995
9972
11395343
9995
9994
9014296
2704064
1438166
9994
185006
6993656
10000
10000
9994
4487236
2267180
5788116
10000
10000
9923
3790625
5049734
9995
2181661
9995
9974
9994
13300351
9846
10000
12750458
9972
10000
9971
9189471
9995
490627
2481934
2557915
10000
1137848
5702022
4850180
9994
13312862
9042
7254867
9972
9994
17652024
9995
87343
12840019
9889
142866
8462100
9994
212772
9971
9976
4830602
16015776
9976
10000
2024519
9974
5848792
386286
8448758
9994
10000
9994
9994
15331738
5443350
9994
9972
462762
6709947
2591155
10000
1288043
9647879
9974
9945
3455397
1472653
9994
10000
9994
9968
1804682
11713612
10000
10000
9994
11409049
9574
9954
9995
9974
1837520
10000
5717941
9995
9974
10000
13586730
1880283
10000
10722613
4100930
9995
7934159
9994
19340061
3563662
9974
9961
9994
10000
17245554
9976
6582529
4252759
8696346
9994
1418092
10000
10000
687882
9994
4686569
9994
3577616
15023133
9989
9974
9989
7068647
5390108
4104393
7499610
9974
8866359
9976
9976
10000
9983
55858
4124633
9960
16890218
17875019
2528057
8175912
9994
1730728
10000
9954
5529644
9994
9995
2222918
10000
16651536
10000
9995
9064975
9974
9974
6574511
9379
880621
4235674
9393
100947
9976
1827801
4033581
9412
9994
567783
1622892
2893503
9974
9965
9995
9994
1659800
9971
4971
9945
16224452
796979
9994
9976
11945860
10000
9995
1125170
10119868
4925748
6039562
9994
9190377
11277753
17715743
4660708
9971
10000
10000
823300
18996578
9994
12383226
678334
424782
10000
10000
19083002
10000
1066298
10953794
9954
101681
9897
1538238
6216316
1380468
306180
9995
8293351
7872937
9995
2914294
9995
10000
8498317
8501396
9889
8149138
10000
10000
9882
15598469
9994
9994
10000
12469575
4930388
9994
1591138
9945
2442771
9971
4087075
2482
10000
10000
9954
10000
13965177
9994
5823
10000
510517
7158531
10000
10000
3915170
1116432
9989
7467
5908562
6788104
10000
3411436
9605638
7409323
9994
9995
12157106
9994
9974
9994
10134049
9994
9954
9954
1295444
9994
5633061
9968
6960018
9994
9994
490621
9923
10000
8443339
9971
9994
9897
7860974
9994
9995
4412971
13641150
146266
6396841
15967211
9994
9496964
6216810
9976
8956463
9983
7580158
959555
9972
608556
6028368
10000
4379423
9910971
9994
7362136
7050514
11430698
10000
9983
12963797
6951069
9994
10671114
9954
9955
7086466
1921956
9995
152468
9995
9635585
9909
10000
21059761
9954
10000
907803
2235860
9994
6851296
9995
9777
12796086
1084505
12372237
9994
9994
1216793
9994
15135397
9968
9123921
12532121
9994
7300
9983
9995
3982225
250530
6547190
9995
10000
10000
9995
9972
2008155
7645971
9222342
9994
9994
9995
661078
739032
9994
7713898
9994
8745347
8036510
10000
4814073
10000
16982725
13553633
8197406
10000
9995
6127808
674886
9994
9994
11454935
9994
9994
9976
9909
9971
10000
10000
15316355
5059787
5885011
2407099
3482449
165534
5908726
10000
9972
5930904
18898948
10465900
18281353
9800
9994
2184236
2605293
9995
9994
17797813
10000
2214094
1711135
9920
297788
10000
9994
9995
4852047
9994
9584
12453053
9976
10755786
4388583
3053995
2742955
9830
1475434
1144096
461382
13603915
8534463
1653355
629577
17309973
9994
9994
1151011
9994
2540487
9923
722489
18339719
3287468
9804
13323016
4966189
1032342
9995
9997996
10000
10000
8610181
9994
9574
3360289
6306833
11623249
10000
9923
1400215
9972
11398842
10000
11976889
10000
10000
9994
9994
5567219
9968
9983
172480
9972
297887
4857161
9971
4024762
8234091
10000
1220143
9994
9995
9995
4655048
9994
334686
2212866
9995
594748
9994
445257
9995
10000
9891
9642732
11621840
9994
9976
9994
12319229
9995
10000
2417468
9972
9972
9983
9976
3459274
10000
9976
9976
8877428
9995
17241189
10000
10000
5689822
4713228
11426434
1440355
9994
579716
3405611
7114741
669387
9995
7060188
1288581
518487
9965
5841
9994
9994
10555095
10000
9994
9995
9976
9976
19599687
10000
9945
10000
14358454
9995
1624889
9995
9588
10000
8803
2486112
9369
13363461
9994
8267855
9994
5562814
9995
9370025
9440
7463571
9746129
2885914
4554413
8910469
9983
9995
15219287
9983
9994
10000
9574
9983
661296
16138184
9994
9994
865958
3613784
9994
10262561
9923
10000
10123776
10000
9994
9994
10000
5065073
9976
9994
9976
419905
2718849
9972
2317166
75551
5499613
10000
9994
9995
9994
10000
2891719
9972
14541088
9995
2703288
7165409
10000
9904
10000
9972
2394509
9994
10000
9237063
1152187
6217822
9909
9968
9972
21157275
9101496
600470
9994
848672
9393
9994
9994
9972
15153582
9678261
259184
882746
3398014
16645529
14734501
8492865
9994
10000
7455884
9983
10000
9994
16251954
1849654
9983
14984128
9994
244758
1522200
10000
9994
116948
1259554
485518
9994
9994
9574
9994
7770554
9983
10000
5916664
9995
12779704
10000
9919
780992
8682091
3468035
9994
4928795
9626
254286
9994
3144692
1491088
4658273
2594490
9995
10000
9994
16610412
8088772
981121
14485666
129854
9994
1670818
9994
9800
388818
278692
1918761
7606852
4683980
551615
12683576
9425
737771
9968
8968827
3286002
3404161
9994
9945
198478
9995
3859095
10000
309462
9995
1154717
1588332
9994
7316080
9995
9897
9994
9994
3834599
1521450
2050097
3288497
9983
10000
11526710
7025519
1532641
1396524
10000
11872834
233489
1519463
597941
9995
161419
9965
929793
9976
9994
1596236
5855728
2662130
10000
9972
4788092
9995
1327275
351530
5185736
10000
10000
9968
10000
2284120
9972
9983
15151670
3682874
4533193
22333695
9995
16910
9965
11899888
9983
9971
541988
9133
9625302
9994
1184218
9964
941462
3710483
9995
476807
7250178
621080
9321
10000
9971
6424780
9994
9972
9994
9995
5563774
1447674
10406106
5346908
10000
9909
10000
10000
9968
9994
9923
10000
3269811
9393
6041994
13140934
16192139
9976
1439473
9921
9983
9994
9994
9994
10000
8366016
13232219
8850196
9972
16179207
9995
272088
13619279
17440484
10000
1332347
9994
4202473
7145701
9994
10000
9976
9968
8868955
9995
9649923
9994
10000
1944057
10000
10000
9584
6686437
9995
10000
115718
9891
2692215
10000
5411341
1739164
9994
9994
1861118
1908376
10000
9994
9537
1044217
9841
7119605
9909
9994
6091211
8592809
16211722
8708495
9923
12007406
9995
10000
9995
2846027
9995
6928569
9995
3568031
4119519
9995
9972
3802569
10891190
10000
9965
15837
10082756
26942
709309
3935493
9957
9904
10000
2630880
9972
6130700
9994
3955029
9133
21467
435082
3068233
9976
9957
9976
9995
619340
9957
10000
9841
994463
9994
9976
5873812
3385153
8232189
5389899
10000
10000
6048139
9983
7777920
492101
9994
12372788
9994
9994
9971
9947
14917031
2725508
10000
376668
9994
975056
9995
3422603
9961
776376
1953459
14622294
1105000
9983
5542942
1925500
1724402
7579603
10000
833427
1534486
1214306
670997
9983
9936
2448315
9994
3605657
9994
9995
6788317
9888081
8465363
10000
9994
3034510
9994
4155677
4229868
9994
6460462
10000
11220337
12532462
1911681
174099
13364366
10000
10000
9968
9994
10075093
1647776
648329
9994
9994
10000
6148369
10887439
6657245
2381183
11002858
9990
13723438
9995
9923
3815443
8753
5694313
10000
10524210
9994
10000
19445241
358101
44770
9995
11290037
17486911
3598579
9968
10000
9994
3673101
9994
288831
9995
7228709
9994
9957
10000
254927
10000
3168573
5333896
9983
9995
9994
7737796
2676878
8156133
9945
21328493
9972
9369
10257705
9994
9995
10000
9891
9995
7231618
3650399
9039599
8991
9995
2470614
9968
10000
9923
1891280
9968
5166974
9968
9994
7610627
7911565
18130923
9995
11398132
9994
10000
2665350
4224954
14014967
21590354
4567216
1752460
7426937
9994
8675333
5751654
9994
19347007
18952280
6762259
1178018
9972
9994
10000
2372338
9904
9994
9994
9923
2866259
9976
1459801
3215760
5699
5489485
16785054
10000
14673268
9983
16166911
2764790
1816231
9537
10000
3420542
9976
1854414
9972
9976
3867865
4025041
956853
9957
10000
9668608
8006806
9919
9994
9976
10838362
4119209
11389467
9994
9918
13055387
9976
6021403
9903
9148175
10671232
8251463
2588532
10000
9909
487173
9994
9972
1395082
11722968
8991
4584950
9008001
2649980
11612677
8126487
10315213
9965
9995
3070039
9574
9909
7476285
3403351
7475496
14246336
12853872
9920
5148280
9945
9994
11757553
9972
743800
2625458
5938527
10000
3052951
1772814
20228202
9994
9994
5722173
9995
9965
9583944
10000
3644596
9909
11009516
1486897
9976
10000
647344
9574
2735403
5823
10000
7603039
9994
9804
9994
10000
9994
2125591
9994
10000
14141699
2618380
12534
9994
8004193
276590
10175107
9971
10000
10000
9972
499898
10000
9968
10000
9994
1532417
17870472
9976
10000
10000
5249962
10000
708606
11890483
184876
1296574
9963383
5661
10882544
3294566
9976
11495741
10000
677866
1217551
9972
918849
4336722
3633846
16036296
9957
9923
9994
11018487
16327663
5516659
9964
544441
626250
2849057
4834163
10000
9994
9960
893501
7265226
10315888
9995
10000
9923
1861664
9994
15055937
18461486
2389462
9994
5787344
10708331
13108598
10000
11350458
3218910
12765808
9994
9969
9995
4712104
659610
9976
11164215
9994
2067438
2694968
9994
2073844
9976
9994
16997943
9995
9994
9995
9995
2009836
2504863
3186686
1559146
5046343
9968
9994
107329
10000
9976
10000
9994
9994
13896446
9995
9968
10000
482445
3960456
9548026
1134770
11238610
1521885
10250
10000
2298078
9994
9956
5175166
10000
9994
554859
470793
9994
16878614
9574
9995
2559524
9994
9972
9995
9994
4109097
9663
5101695
30189
9904
12538037
9994
9994
10062288
11775682
1770254
98932
9736
14645177
1137510
9994
9994
9971
64646
12126920
9994
14939701
18780459
9994
9994
9994
4778913
10000
9995
3105080
10000
3884978
7926799
9584
6247109
9995
9994
818115
9976
9393
9994
8859499
9976
9972
9945
119477
9994
12066643
5233923
9995
11310
6843
9995
9994
9995
10000
1461818
86087
9994
10023655
9994
9994
3572498
347147
12584145
9971
43486
18784634
8509844
5509862
9976
505194
9923
5605711
9994
9995
9968
8219904
6906887
7663297
4220155
9968
9995
14141247
51163
9994
4059109
9994
510390
10000
9855
10000
9995
1985181
9994
9984
257991
9976
12655421
745223
10000
9995
9804
9923
9994
9994
9994
383681
9994
9995
10000
9968
16768605
167889
9961
5595015
9418
10000
5322452
889000
2421450
1151902
1069924
9995
4218653
14389231
9995
9995
2254748
20132662
9994
6627621
269461
9984
3389462
10000
8034668
9984
9968
9994
14317962
9994
7290331
4592514
10137937
9995
10045521
9995
10000
9246953
285170
1495416
10000
9994
9994
212334
166579
6034728
5667256
1747051
4628528
9984
436326
11670000
14575231
1675101
9995
9968
7093118
10960958
9995
5628234
9994
9994
9994
6885089
771786
7048998
3127821
7203915
9972
103967
2685294
10000
9976
9994
9995
9945
9976
9971
9984
9945
2325854
10000
10654665
512264
9969
9994
9994
9995
423335
10000
14630886
204272
393523
9994
9005636
9983
7170244
1705548
1624308
816040
10000
9976
10000
1079520
3350806
9994
13026623
9984
9663
5686
9995
10000
9995
259056
9995
10000
9971
9976
10000
9909
14861431
9994
9995
5566920
9994
9393
10000
9994
9802
9984
9994
9968
1996801
13481305
9994
3083805
10000
3815874
9984
567123
9983
405369
17141422
9994
817421
9909
5708704
1026614
981283
9995
10000
9984
5337535
2317022
227416
10000
9995
1764011
1747839
9995
9984
10000
539425
9995
9995
7002323
10000
9983
9968
10000
1299936
9010279
10000
9994
323517
10000
13670583
6912834
10000
6144558
9537
9995
10000
9994
13833950
9984
10000
9976
9994
16580970
9968
9994
10000
3757450
10000
15636629
351355
161668
10000
8005614
9984
9984
10000
3093422
9356956
10000
10472764
9994
10000
10000
15206578
10000
1178564
17538378
10000
5538499
12396755
9994
7658460
9079
717969
1506051
9994
9051829
4666871
9995
10000
10000
2872470
9994
9584
10000
1120701
9994
9994
9957
9995
9994
9995
10256198
5788458
10000
1739343
9995
10000
9971
7400699
9983
182722
274138
9994
4619472
2744298
10000
9995
9994
9994
4952343
18123628
7078476
2224004
7628478
197579
5315701
4185277
9994
9983
9994
3635850
10000
9995
17382098
10000
3272542
9994
4042636
2824391
4501226
9994
6969093
9994
9994
7624270
13397004
9971
10000
10000
1403688
3607479
10000
7025908
9994
942933
20211
9995
9772
2120291
5957589
16980880
84111
9537
954829
9983
3107905
9984
222718
9971
773899
11186191
2737445
5295030
9994
304276
9722
9984
9994
10000
15062068
283133
2282624
10000
9995
6561126
10000
10000
3316822
5269577
9976
7035104
10153762
9968
4437129
9971
95218
9984
7867
13869972
9945
2565378
10000
15135559
4046638
9995
9994
9983
10000
10000
9994
9994
1950411
9537
10000
9994
80765
15352273
3997136
9984
9995
12394065
5421309
10000
9984
9994
19001171
9994
10000
8047889
3529628
10000
9994
9920
9976
10000
431723
1570970
9984
10000
8981041
9994
1481134
10159954
3704414
9984
3812518
2927651
9960
431575
9984
624424
1661284
1331664
591818
10000
9995
10260574
11491075
9984
9421195
12600559
11667078
8312869
9804
7966639
4373971
9945
5101905
4354107
9984
1484123
9909
1049098
3612926
1203175
736403
9976
9936
9994
3845537
7313548
18158120
15757785
1160198
9994
9968
9416049
4306560
9995
9984
9964
9389483
13813619
7698724
9968
1438066
9994
9984
9995
7737150
9994
9994
10000
9994
9995
1537780
10000
10000
9994
3089131
7428753
1655841
10000
9624860
9971
2622739
1700393
1515977
9994
9731
9546595
5105901
9994
10000
714919
4536898
9897
9994
13285227
10000
2988989
294124
19893829
9994
9995
925716
4391179
9995
9984
9602998
9994
9995
10000
10000
20254369
734298
6294898
3985900
9994
10000
1275886
9809
833551
3262195
6415968
10000
9994
13786958
9983
9369
12744323
9995
9995
10000
9994
4686468
4789726
9994
9995
9074655
14962454
18810538
10000
18308786
1089832
12254894
7639689
13092666
12909863
7424338
11953968
9945
2756735
9984
9968
365759
3482036
10000
5557072
1641358
1491373
18133443
634007
895328
1865509
9994
10000
16185317
9976
10000
9945
7347345
9994
4564558
9994
9994
9995
2417531
21714311
7788319
1216137
9976
10000
10000
9983
10000
1216769
9984
9358973
9994
687807
449255
10525291
10000
3807228
5593061
9891
9976
3845812
9984
1268507
9984
9994
4673981
10067214
4551330
10000
2541853
9974341
8521759
9984
12717633
938505
8439924
3763482
4085470
9964
4174296
10000
9983
8754220
10000
7382711
9995
2613231
7123598
14580519
6453152
9885
17642484
9984
9994
246323
1618528
9994
9994
9976
5208467
9972
9847
9995
632503
6615273
6100231
9994
9574
10000
9909
9994
1214142
10000
9994
415776
9831
5034615
123418
8909
3689258
9994
10000
9994
9984
10000
246656
9994
10000
9984
4258114
3847639
3597297
11366459
10000
9971
444770
1229942
9994
9945
9994
10000
8490573
10000
10000
9995
8952153
12039036
15919507
5352257
10000
9968
3729622
1089958
10000
9994
10000
9971
9995
7407718
1004813
10000
9994
10682735
1658889
10000
9968
855524
10000
10000
9972
4129652
9969
9043386
2123572
2870282
4771023
2834752
2079784
12707711
9971
814464
733095
216551
10560278
13221705
12261951
7383834
9994
908445
4770054
9584
9984
5997060
9984
10000
9994
9968
1907608
5971349
9994
9983
15112151
10000
3141766
4058857
9994
8821049
10000
9995
10032833
5735612
5715862
10161776
15838738
9994
10000
4666772
9968
2690580
9995
1967358
10000
1934631
10000
593791
9994
9994
17393133
9994
9995
9757
3738490
9964
5196488
2438712
10000
9994
3202804
9891
421802
10000
2362856
9965
9984
9995
4695522
2321815
9994
9327181
4661317
14052005
9976
9994
9994
9983
9543918
3960754
9968
4826240
14960586
534381
15935526
44062
9995
4062793
9995
242578
9984
10000
10000
4285345
10021725
5878156
3096043
9994
4403272
9994
3658884
4593335
9393
9984
14314593
9995
9994
49723
10969186
10000
10224791
9984
1213905
10000
11085518
9994
10000
819684
596612
9995
2842467
2059958
3304018
9983
9971
3709623
9984
10000
9995
1134626
9995
3512034
2532432
9994
981960
10000
9681169
4457346
9995
4014669
852641
9969
10000
9994
9995
10184808
7105418
9994
9994
1375917
11368995
6002722
9994
2904931
9994
9393
1244225
9994
9994
9994
9994
9994
1099789
9994
481649
2135953
277288
2593752
9995
9984
3148993
9976
10000
9995
855849
9366850
9393
9984
766658
9831
10900695
9955
9995
9994
9994
9983
627046
6705372
9972
1894521
9995
6226007
6346335
9994
9994
9994
116070
9995
10000
123591
9976
9995
9984
3266632
9976
9909
10000
3422160
10000
2003833
9137
1358974
3684599
210313
1649229
4966831
9945
9968
10000
16275326
9984
9994
2855979
527018
793026
2766611
9994
10000
9994
9976
9904
3339766
9994
7219115
10000
9994
5447138
10000
802284
10000
9983
9995
1268074
5948827
13923768
4500453
4675706
17185294
2818645
2815136
9897
9994
10650049
10000
9984
8395331
9994
9994
99235
9984
1070114
10000
9995
9994
10000
1185485
5757817
10000
9919
4253943
9995
5165133
9994
9826
9994
9994
6680457
9994
9994
323452
840169
9994
9537
17404385
9994
10000
10000
10700336
350537
10000
7999570
9994
2779185
532691
10000
1538337
4540815
10638796
9994
9984
2350476
9994
13128781
9994
2169625
9994
10000
9995
10000
9994
9897
9995
9983
9994
8738967
2515805
8477073
9288989
6172853
318591
11835537
9976
12671336
9994
10000
9971
9995
10000
5122555
9994
9971
6094
9994
9995
5343332
9994
9968
9994
9976
6829879
9393
9971
9994
10000
9995
8491329
266912
9995
3090834
238501
10000
2309789
9886998
9984
9994
9976
9984
15436773
9994
2554277
3653806
10000
12728957
439771
10000
784591
1034844
9994
10000
9067
1980142
10000
2628593
9777
13910120
10000
1912829
9984
10000
9984
9994
9994
9897
456063
7156914
9972
4701718
7782082
11955449
52458
4520668
9984
9995
1002174
5712358
9921
9994
9924
15695348
9968
10000
8341253
631705
11656048
9137
6973451
9965
9995
9994
6533878
9983
9966860
10000
9995
9994
9968
1201
9994
9994
18181302
13021468
2541162
7208658
9995
9994
679793
9995
1817047
9995
9955
10000
3723410
12348318
4313148
391091
10000
9984
10000
13260434
10000
9984
1046931
9994
899316
7606298
6092990
9994
9584
9994
9964
9995
1077492
9995
4613983
5468081
4035419
19390411
4926276
9994
146223
4639732
1123234
9995
10000
9994
12761847
9995
9994
1238835
19877629
20254971
9968
9994
9994
5203270
9994
7053773
9995
5168
4937189
10000
10000
1265995
8551835
10000
9994
9984
1480481
4163488
4289960
10244231
1435899
9976
6151264
9976
10000
628155
9369
9969
3329326
10000
2784921
9994
3233404
9994
10000
6843857
7114470
12844383
9537
9920
9984
9995
9995
9897
10402458
11863277
4091450
9994
5686481
9995
9994
2017115
10000
3515873
6657445
950848
1280661
6894021
9984
3598270
9994
9995
5630638
9984
9984
16377749
10000
10000
10000
14611906
9995
12241355
9994
7858510
9994
6095216
540146
6206365
9834
10000
9994
9972
3353668
1654815
4800516
2990563
9961
1464989
14990549
1140458
9984
13551497
9995
9984
10418019
9727719
11112689
9964
7244292
827210
10000
9450526
9983
5577576
9994
10000
9994
10000
9994
2721330
13932028
3471680
11335868
10000
10000
9984
5868198
3428380
936956
9738
3049849
3061050
9918
382530
9976
9984
10000
9983
540694
9995
9994
9785324
10000
9995
9995
10000
148674
9976
7665603
9995
9994
1037215
6656043
287659
10663714
337541
1604208
9995
2399398
9826
3406498
8709860
3885228
18408674
9945
9897
8422392
9984
999235
2992577
9976
3136833
5944838
2977638
9994
9972
6808084
9265580
8730701
9994
12187889
13443203
718427
9814
24673
9995
1603991
4090971
39154
3003017
10000
10000
9976
9994
14172461
9994
9994
9994
9945
3142819
11480823
3464486
9994
264591
287244
9994
221610
9994
248325
9957
351298
9994
9126723
10000
9994
10000
10964469
10000
9994
9983
18594141
9994
9995
9904
3168883
11714505
5320733
9957
88174
972556
9968
10000
9968
9976
3488643
8695489
16473897
5262336
1372807
2689745
9984
9995
9994
9968
356690
9990
9994
80185
3270768
18327433
4909546
10000
9984
10449357
9430807
2646493
1401085
2220136
10000
16840780
15126863
9984
9972
1032921
1197783
9994
377505
1909428
9934111
10000
11800464
518115
461228
9584
9994
9994
10000
7768847
4352456
4737982
9994
10490994
9994
9994
5957328
9995
9994
9994
10000
3203605
17516688
13355021
14110336
9984
10000
9994
9968
13116971
9995
9984
9369
496672
7516180
10000
10000
9976
4130913
9897
10000
1769914
8193650
7627573
9965
10000
2464472
9994
777713
568397
9994
4810111
2626125
2457756
9943
9994
1702201
9994
13177984
10000
9994
213502
2332305
9994
4334131
1154454
16097316
2184651
2941088
9994
3347532
719220
9984
879250
9994
7380659
9990
9995
5193235
9994
198535
3105234
9995
21634777
9994
9735500
9995
3294138
9995
9943
1987520
3257839
4324246
9968
9919
9972
9972
9995
9994
1439323
9984
9445405
9835
18664594
9984
73107
9994
9983
9995
9984
13542104
9984
2534438
9964
2505199
6938074
9994
10178698
9976
9971
10000
9995
10000
13355862
9994
4885456
9994
1087194
9994
12348842
18539086
3968992
1580246
7839924
4724672
10000
14429850
3754846
3845742
9984
9994
9995
5216192
9995
413085
5388155
13678182
9994
13481262
9994
9994
4731523
1026720
9995
9976
9964
692213
162942
3275298
9903
16125936
3367280
356665
2394345
9994
9984
9964
9964
20137801
10000
9994
9972
116472
6258458
521809
4697763
9994
947904
2229932
3878375
9972
9984
180307
9972
9995
283557
675130
4803258
542333
9809
9972
2113441
9945
9994
9043729
547154
9994
761868
1993124
10000
14218245
9971
2244972
10000
9983
1292731
9984
9984
7742850
9943
9995
9983
9992
7588594
3413120
9846
18483164
9994
1269036
9995
9891
471145
9945
9994
9994
10000
9904
13665457
2566726
9995
3350717
3136331
9995
9943
9992
4911809
9995
9995
9994
10000
12218067
2996194
9969
9943
9994
7539045
60159
9984
10000
9011767
2024060
6663633
17820632
9994
4750739
1756512
427695
10000
9154
1409736
337538
9968
2019235
264512
9995
2619898
9994
15443927
9983
7951267
3474388
14243684
9994
10000
99805
9972
9994
10000
10728450
9995
9984
10000
9994
9994
314096
9919
10000
5468217
2990946
2191120
9837
69718
9835
9984
1393514
8430
23074
9969
1204404
9972
809837
4500253
10000
9994
17849127
9994
9994
9995
9976
8327472
9994
9976
9994
9584
9983
9512201
9537
1484188
14670
9994
4508180
9995
9994
237949
1018808
9826
3528012
9995
5439997
2450616
2379680
9891
1771209
9972
12629169
9994
9994
9435747
9995
6264552
4155529
13113569
10000
9769280
9943
9995
10000
9968
10000
78875
8269753
9957
3281692
15821742
9965
9584
9965
515434
9211214
7433001
9994
9995
9805133
10000
9976
9976
11600176
16122430
719132
2086754
10000
9955
13532408
9994
9474137
9995
6964888
9994
3230806
3605063
9992
334761
10223658
7149203
10000
9972
9994
9821999
19951943
9994
9909
1954224
7741064
9994
9976
10000
9574
2814564
9983
2343514
9995
13515146
9994
9984
9994
9995
9983
12844501
1786359
9960
9995
10000
6442299
20467238
2161742
11289022
9976
9983
9969
9904
9984
3772513
5767271
10103748
10921747
9972
10000
9984
2538397
5694795
9994
2141531
952485
9983
3268460
7496810
10000
9994
2580434
9994
11114053
17834500
13925478
9984
9994
4441396
170931
8075068
19994358
10000
1697463
9959023
9984
9969
1496690
9994
4640298
1149851
6049549
3633530
9995
