9988
431
9368830
3314964
5616281
9884
231446
9988
9988
11189030
5167779
3099686
9982
333262
9985
2909613
2881314
9979
9972
9953
9982
9988
6993953
5205280
9890
10091953
1676193
10749649
6431137
937947
4804201
9982
9988
9708
7850405
9979
15294120
9988
9988
3979785
45335
9988
9982
1261150
10846229
827282
740220
9988
9982
18022384
15716334
3528987
17549966
2510289
9955
89232
14287184
3641641
9985
9988
6073454
268524
1528295
5284232
3441260
2352623
9631018
9979
3491281
9842
9982
5176603
10497125
560216
904941
3202192
1601030
13147137
9988
18929694
1343119
9982
1492824
9955
3549606
13218021
9953
11478296
9955
9982
9985
14261401
4613118
5045867
247272
14020811
9988
9303594
777091
9985
1225311
9982
9094
46764
1050304
11631175
9979
9824
9982
9979
9985
9988
9982
3877793
9966
9979
13507116
1352017
3022632
6974322
284384
9979
9985
3570021
5594560
5379025
9988
9982
9988
9988
9979
15996589
1281511
9014642
1194812
9972
9939
9982
9988
2873999
13542293
12837598
1957561
1711053
2270006
9982
9982
9982
3907659
5981260
4775838
9939
18675155
6408874
994671
8969885
3072532
4729130
7480545
3516955
1933766
6299283
60688
8959696
15044481
9988
1748426
11400697
4942342
10232372
1404090
16707722
9936
9890
9988
9961
9988
9988
3281116
9988
15936436
14670624
8889172
9979
9936
6531804
9979
9953
9976
15305020
3656034
2033735
9868
9988
9979
4143337
9982
300313
76294
9988
1232296
9988
9982
9988
9917
3974248
5972338
820903
13096589
13598372
9985
5072612
9982
3658027
17598200
9842
9988
1230434
14772856
9979
9961
2895244
600079
322915
6025550
5162178
9943
9961
9982
9979
9988
9982
9988
4217759
4292454
9982
9955
10647153
9988
9988
9862
9979
3955188
9982
3776691
5733878
9988
12193656
883722
13388412
9988
9929152
242269
9988
9955
9985
13639029
9939
3013875
6151200
7653869
9943
8959
1386693
9976
9982
9985
7357
9936
5541274
7361429
9988
6126380
406043
4014653
9939
19887380
1452380
1139538
10476807
9982
9988
9988
9988
1179496
8142455
891224
14135597
9988
3601371
4939589
9988
9985
9950
1918223
7303484
1278050
9890
9985
9988
9982
10114337
1176615
9961
8234427
12120737
9817
8933201
1816390
1587770
12849006
9976
9985
6360635
1789152
17570866
9982
5410080
18474
9864
9956
9976
10633686
9988
9982
9903
13489179
232581
3240956
9988
9982
9985
9410
9842
13370160
9988
9985
304729
11951754
9966
9988
11746351
9955
9953
8394605
9982
9603
9979
9982
314183
9988
9988
9979
2439031
9939
9982
3378401
9834
9953
9985
181632
4918709
10743671
9982
9988
1004489
9988
2186885
3134391
3170479
12298939
9988
2030542
12411671
9982
9988
14860383
12664954
6448510
9775675
52352
4757316
5302884
9953
3813461
9979
660546
9711387
3312636
9982
12986730
263610
9966
1143475
3951985
14063148
9988
11451521
9985
9982
9982
6572656
9988
5385932
1265337
9988
3696058
9988
9309
2962280
1565399
671834
5302222
17215092
7204684
17460711
13466612
12554327
9988
18324997
9985
9979
9979
9988
9982
9988
9979
9988
2308426
9955
20274
18541578
1403619
2498857
9982
1473539
9982
8894108
9985
4568584
9630
4405231
724349
6794522
9988
4757765
2801440
10375232
3526497
12961450
1516165
9953
6814191
9988
9979
8742426
9982
3872209
10445696
12753617
9910340
9982
9979
9950
14958189
9988
932826
2053320
283510
3094252
12802703
5210503
4150459
9964
9988
1543361
5004088
9988
4482939
1565296
9966
9961
9979
4881131
9988
5359815
5162078
9988
9988
9982
3221026
16015700
9988
9972
9988
9982
9988
11633460
13375664
2779730
445063
9988
3649317
15387338
9950
18621063
9982
2028698
9827
9982
9936
9890
3093353
2943235
15106197
967803
9979
13236447
9972
2970456
1182549
9659009
7915760
761738
9982
9988
9932
3771532
9985
2107069
9988
1121554
9961
3005598
9988
9982
9979
9985
9982
304628
9988
8478034
1106228
9979
9985
3651669
9842
9988
9988
9988
9982
667628
4486311
9980
9982
2539414
15583041
9964
1322734
9982
9988
9979
84117
927227
17663952
196272
9966
10165632
9979
9985
760206
9988
9985
9988
9985
18132264
3837077
9988
15040256
9988
5656907
966825
9966
1380800
9988
9988
12019183
6149679
9458127
4802031
2432556
9944
9944
6438686
6446133
9985
9988
4864146
4726639
9972
9988
2925230
9988
9944
658861
12413658
9988
2994830
9919
9982
14585694
1455857
9982
5934005
235311
5620733
5129286
15041826
133863
9988
9979
8817392
9988
9735
9979
275310
571160
9972
1859
9979
3880816
9982
4107323
9979
9950
126063
9982
238978
10553
2081442
9985
14968192
7785008
1558669
9068179
10995471
9972
9915
2947517
11212728
9982
200722
1205131
9955
41598
2911088
1263760
9734
413327
9824
12586749
9979
9988
11011546
5791627
3951230
9979
1266979
9982
9982
9982
6246337
567804
3517681
14871140
377387
2890774
3601116
9988
10298280
595345
1317678
9842
9902510
9988
199907
9964
10711386
9988
9982
9982
1542592
18029022
6601669
9923
15170316
4641523
9979
8756
9939
9985
9988
980053
9979
9988
12386271
3086536
9842
9988
9485699
5650559
3085160
16380228
9979
9988
21018153
9988
9982
2715713
9777
9988
354968
7129679
267212
4491018
9988
9988
8409685
9893
9988
21738184
773610
9982
5809144
9988
9979
2925484
1703577
2428873
10713619
5856750
9985
9979
9972
2368018
729442
9953
10070206
1264893
454207
61945
9831
9943
9950
233883
9976
9988
8354112
9936
7560040
9982
9988
9982
9979
6533674
10000
9942
10000
11668519
1827332
2013691
13428172
10000
118230
9988
9939
9979
9982
19036018
10000
9979
1431244
14737758
9979
408213
9961
9953
5682357
9982
9982
9937977
4603215
3112895
10000
9988
17730574
3713462
10000
7244897
9966
91883
13213926
482499
5552268
9980
8425
9982
5790785
10076992
16417824
141856
6522985
3608132
5093637
9979
9972
11935572
5217888
10000
10000
3077542
10000
6853026
9982
9982
9982
1352119
14625311
5428311
9482
6460191
9972
146480
10000
713623
14540200
8361593
9955
9982
11066259
35032
10000
9942
8671831
12156497
2032677
9988
9988
9982
4123312
9979
6706818
3649937
9979
9988
10000
10000
5412625
12196390
21415
17506336
10900146
9988
9979
2586288
10000
9521
16273085
5182863
9988
9988
9982
10000
10000
12945858
9988
9982
5402530
10000
1553309
13223147
8480801
9988
13095784
4605960
9982
4999389
14841412
13239615
20749363
9988
10042211
3298234
8043513
9985
9988
10000
1205153
9988
9961
383308
9979
9972
778386
3844782
7056456
5556210
10000
10000
4071423
938283
4092956
10389177
7478255
3261399
7023808
9939
3331013
160317
9940
10000
11062808
123321
10000
10000
8748925
4877307
4567036
9979
9778
9988
10000
1080892
6505780
1112398
9988
9982
139394
9982
9982
7357611
5928288
9972
10000
9982
384526
9972
9980
5225414
1929679
9972
1609712
2951179
9072181
8028396
587987
1599729
9988
9982
9982
10644760
530230
3161201
7560243
9890
9988
1545194
13739320
9979
2041289
9988
9988
10000
9988
10929509
12410847
1974956
10000
2309002
9982
9988
8272883
9972
11856267
9976
9988
81506
2701724
9979
926413
21200877
225915
20923857
9979
1249553
9988
7675066
15259578
14934479
9934
8206489
9979
14835171
3967186
501980
9979
2049365
5510675
16519214
10000
10000
9972
9982
9982
9884
3047713
3311052
17183600
9976
10000
5747857
3842
9982
726905
8248261
375088
4034597
77060
9979
9982
9953
9982
10000
2725564
19128996
9988
10000
9982
11518049
10000
9943
10440808
255235
9988
230236
3914827
10919140
13952002
9982
10000
12517807
9982
117897
9944
9979
2915973
1179089
61282
9979
10839792
9979
9988
9988
10000
10000
8220730
2746674
10000
3342906
12723230
9942
15260538
716684
2028255
9988
10000
6746205
9620
9979
501348
10000
128125
9979
9964
7824501
187228
1756527
15891893
10068487
9982
18600937
9979
9982
9982
9988
6732886
10960810
9849
9982
522838
6545262
9332913
9943
12079387
4724049
4977977
9972
3080654
7445735
11234118
6534297
1357054
28763
12782321
9982
11122626
9915
1359743
9890
12051113
4219421
9890
9976
839058
5532822
9953
20192199
8358881
9890
3105671
738088
9988
9950
9988
9982
15800504
9979
10000
9988
9722
12637789
1623698
9890
1059522
1749453
10000
1708776
9936
21404597
16217068
9982
78549
3264891
2079205
9982
444642
9988
9936
13902749
130981
11434553
10000
17593207
9789
9988
1221860
5347377
588959
10357376
5490781
2199801
10000
9972
7204800
7831265
5637930
2259854
4622479
9309
1564642
10588337
8560030
10000
1801544
14193706
9982
13480688
3576357
9988
9953
9950
9172642
9982
10000
3317164
3429520
11003396
9964
9982
9737
9953
9985
14741
9982
9950
11681428
2862925
9972
1373570
3218491
9988
17473320
10000
9976
12427425
9955
3100352
9982
4677481
9982
10000
9972
4469014
9979
9988
1279516
7261763
9936
2552616
2835651
3684898
9647819
3237560
9988
9988
9972
9950
9982
9988
10000
9620
10000
9982
906011
629489
13380974
1541285
10000
9982
1879019
9988
4006979
5929704
9950
9950
7707225
9988
9982
9936
9944
154806
3133589
32932
6783893
10000
496098
11141233
2763256
6279110
1644777
404339
14032111
9849379
9988
804261
889419
170215
771807
9988
7263350
2848647
645882
2901035
10000
9988
9979
507386
9982
9786356
10000
11822356
9988
4340927
9982
4348391
9982
9979
76597
9979
11664250
9893
9979
5714999
1465464
14358862
569146
7913061
9985
10000
9982
10338907
2095879
19760795
4925841
9950
1997244
9982
10000
9979
9988
6727658
18844837
9529
9985
28727
10000
395745
2634556
15032433
9982
5181423
9950
2986772
5779331
916503
5201388
5697484
1910743
2313967
12170324
7182939
10000
10000
319649
231393
376217
9979
328111
10000
5586859
10000
5263955
9979
2802193
2252773
9950
10000
9893
890509
3167268
10000
10000
10000
10000
9956
8284314
9964
9982
4190714
9939
9737
15899208
8360239
2082678
9982
10000
14154819
179936
9982
3766446
7370002
10000
5946917
8993642
9988
4723842
9988
3603548
9988
9982
159143
5641104
13261818
10669228
829007
542105
2122765
9988
5155090
6988434
360190
13459139
8626585
6397885
9972
1810235
12888347
7874296
2396761
9893
9620
9237929
10000
15766205
4791801
3633609
4851089
5696284
5617218
4717249
9950
8784060
9955
9905830
9988
10042381
11868288
9979
1027396
102187
2507359
6556071
9988
10093354
9944
9982
9936
19367733
3730909
9950
6002326
9982
12222869
10000
9944
10000
10000
4633980
9982
9884
9620
9953
15562729
10000
9982
1046771
9950
2384413
2890606
9976
12058756
9988
10000
3744342
2329955
1434492
9979
9979
10000
17541700
9777
9988
13201592
11792903
6081604
7263245
9973885
7284769
15361122
9979
10000
924403
9988
9942
10000
10000
10000
9982
13730274
9848
10000
9982
11813029
1689425
2649843
9988
9982
10000
9980
9890
309694
96339
10000
10000
3479610
10000
9988
9982
12754468
9988
8133398
10000
11550178
9770781
10219878
9923
9950
9982
9955
9932
5510225
9988
447192
225122
7846777
475553
5967346
8454604
3522989
13859082
10000
9982
128925
9135006
8619409
9988
9950
9982
9988
9979
126470
1180726
9953
649483
1125665
9955
7947439
9955
419307
2195690
5362594
6702758
1963429
9982
2869980
9953
9890
119214
10242356
10000
735148
9982
10000
1350559
17571138
8335934
21892083
9944
2894405
9972
3027543
2527398
2989564
10000
9824
9988
9831
10000
9578
11203414
1500843
1258646
4458709
11885841
9890
10000
10000
2440041
9982
2966708
9985
16800284
10000
10000
10000
981762
9982
136262
265236
9972
2816939
9982
594684
7804850
659180
9988
9944
9988
345484
7445710
3416816
9982
245968
9988
3430217
18453030
9972
9939
1008729
10000
12960237
10000
14563280
10000
9979
9979
9972
10000
9988
10000
1236329
10681544
9982
7737334
10000
19715040
9979
9988
9972
9979
9979
5298639
13043240
9227
385465
1428427
9965
3892949
9982
794232
9988
6513089
9862
13884423
3267766
9950
7222771
9979
9982
12591231
235424
1584966
10000
2024667
9966
5213813
9988
9982
14335004
1119136
13638719
2008237
19225397
9966
9988
9988
9944
9944
9988
9480930
9972
2611036
2717039
9817
10000
3002
9988
9982
16185917
9202
2772438
9864
10000
12809878
9979
5832360
9923
9972
2767152
10000
10000
106818
609970
11557040
6088732
1805716
9988
9817
3264332
9939
9982
3031865
10000
9950
9982
9939
11051748
2134162
9953
9988
9979
303604
9939
9988
9982
9988
9988
1380231
7293575
3874224
189493
9988
13499466
9972
9988
10000
9982
6621361
6039068
9982
9965
9718
8959
7034579
607954
9988
11100
1280745
9002994
10000
1431730
6672188
10000
9982
105170
4113079
10000
477173
1186102
9988
9939
10000
1285054
9988
11935091
9976
9972
480753
9934
9976
9976
10000
5999934
9955
8660727
56190
7252600
10000
9988
9751341
988290
2697185
9955
9988
9972
9950
9982
9982
27477
8469599
8772
9982
4575219
5706929
9890
9965
11192436
6450397
9442776
320810
9982
9982
16307405
9979
7742518
9988
10000
3607156
478036
9955
6740213
720599
3121295
9988
9950
9982
415707
9972
20186800
10000
9988
9982
9982
5262268
811978
10000
10000
9953
9816
9943
880009
10000
3271579
4304524
9982
648135
9982
15115139
4348070
9972
5992533
10000
9982
9529
245976
10000
9890
9589
9982
215478
1940066
11183706
2020847
10000
9982
9988
9982
9982
3873684
2205604
6986082
11718825
9988
4720824
9939
9495
9890
9982
10000
3492041
4187322
9979
5886455
9982
9988
9982
12810314
5242070
531800
9885
10000
84445
722239
1264177
352134
9950
18133664
9979
3261676
6429001
6723726
2388717
9982
2098273
9953
1016397
9988
9985
13561353
10000
6454696
10000
5180392
17108859
10000
369995
9982
5754533
9988
10000
9915
6262489
9979
9979
9942
9950
10000
9982
10000
9988
9982
422526
10000
3158424
9982
1404575
9982
9936
10603227
9976
9988
12480913
2526089
7676140
10000
9982
12686112
10000
14198287
9982
1031259
17864667
4795014
4617210
225485
1066306
9950
10000
9071
5522281
9982
10325011
10007400
2338602
9988
4193024
9955
9965
9982
10000
480147
2851012
10000
9939
9148675
9982
10000
7979868
14997629
10000
43904
9979
20741676
572179
1234519
4113006
3528326
10000
1584029
240045
4659378
9985
9976
3295980
5907667
9982
6925451
11832477
3489876
370334
464357
2447816
6942047
9950
1439535
140259
9953
7482334
3779974
3002
3025697
9942
16253457
9258535
9982
9979
673313
208279
9885
9964
9982
9753
3539905
5797513
10000
9988
553002
7165811
9972
10000
9979
12511171
9979
2427777
10000
116686
754125
10000
10000
6141618
12837886
9988
17459226
9979
2597771
6193127
9534
9988
9808
10931712
10000
8187967
9985
1682567
2373099
9972
5409583
9890
8911
12819003
1393068
9988
1656409
10000
4337254
1425712
5932
9789
1290536
6147758
2033999
10000
12387856
14878286
9944
9988
9982
9982
9979
4972119
10000
10000
1613481
10000
6136581
12086900
2116576
9972
9988
10206029
8425249
10000
8562619
17202856
3595431
4396276
13378961
13278125
983446
9979
9979
9965
365754
15398129
8528292
10000
9982
4001138
8263
293732
803301
2552106
4425466
9972
9988
10000
9917
9979
2861446
1786260
9972
10000
16867969
10000
2087985
9988
9982
6148160
10000
3067028
1765225
9988
1191981
9979
343418
10000
10000
7626705
9979
3064258
9966
17495697
9988
16461111
11951902
10000
9982
18682509
9979
9979
9982
5205149
9979
14434373
9915
1620379
9979
2397452
9982
5876189
471588
10000
9972
9953
16200634
9988
3478884
15400764
13647852
3221074
9982
9985
9744136
834106
9936
8941520
10000
2651447
9972
9982
20097082
9529
1845770
6834315
10000
5296056
9979
1048691
7013891
230607
9936164
9988
867167
1196941
9972
5517562
9979
9988
9221165
2972805
11839691
8840897
980809
4924516
9972
9988
9982
9982
10000
3411011
9979
4036999
9972
15605442
9936
10000
6793865
15967331
1504618
268865
9979
10000
2751388
6143560
9950
10000
16979646
1204111
13377004
14032271
1080955
17476979
9529
3293146
45363
97059
8404833
9988
5303088
5702539
8329616
946521
4988966
71742
2388540
428500
6954077
1904656
10000
10000
9988
9982
9982
7815448
6443045
10000
4117709
10000
9795
2184587
9613
4813393
5004172
9982
10000
822632
10000
10000
8353517
6183187
4374118
10980217
10006083
12298047
1502941
10000
19069444
3496368
221181
9327568
9982
12163262
9950
9982
1807949
10000
3330209
4481844
9988
731469
13409441
203036
14820390
12877754
9979
10502201
5641960
9985
2085208
9964
10000
9982
10000
9972
9972
10000
9982
1919669
5968557
1305202
1249455
10000
56412
9982
67869
5308
9953
9982
9979
4991450
10000
6485423
3705625
9982
9714
2251217
1942610
594541
2674023
6849219
3028433
2765038
4909463
2598108
9979
9982
8083736
7029036
9953
1177392
9982
9979
4173858
4996077
9988
3015716
1608022
6687441
2541723
9979
6979768
9982
9988
9988
9972
5994608
158828
3770082
10000
9988
9890
9982
749183
5073001
10000
1655329
7013833
10000
6868039
2057141
9985
10000
5019821
10044834
9988
12617110
7704291
4369331
9976
9890
10000
3074608
9917
9982
9988
1904637
1038736
9988
9988
1776478
9985
11073148
4944752
9939
9944
7811813
2754056
4343798
5604118
4287692
4342589
690398
1698505
6296066
3062892
5720426
6548649
9982
9982
9979
10000
9936
6415269
9890
9836
9988
18827835
920262
8655563
9979
4627858
15314682
13978486
9884
8465324
2041765
9988
7091
6546770
16070998
8308245
9263666
39082
9890
9950
10000
6848348
9890
21722273
13243946
10000
9953
9988
10000
991606
8915173
16374149
9988
9881
9944
3872587
2499283
9926610
7445007
19514169
2372862
8061674
815150
4986121
9955
2209064
3587277
10000
9979
2006337
6910190
5652601
10000
10000
9402
9964
19212082
6718432
9982
9988
9988
7000780
1312298
17699798
1832562
9943
17005959
724731
9953
9988
6670502
4971813
3151448
342413
8360678
9252318
9217125
6751257
317720
13873686
9950
9979
4395467
18175830
2840876
10000
4440349
89997
9982
15130236
9302730
10000
9953
9988
10000
9955
6800158
2385051
13404529
9943
10000
1029009
19006036
10000
10000
9979
9932
9982
9982
445131
18962490
13505161
5952154
1391661
9982
9893
2826543
4406792
10000
10921521
15956719
9979
9982
9979
135792
150661
6342777
1775508
10000
9988
6267717
11858976
9979
9953
18184965
10000
9976
6815557
2887279
9982
9979
8728589
9988
9982
10000
9988
10901446
9965
9890
9979
2291998
9988
17209376
9988
9988
3389612
10000
9979
9982
349208
2591636
9944
9979
9953
9953
5595593
9979
1166757
1992259
183502
9979
9979
9982
9953
10000
9605
9885
5132361
9950
15528760
7055
9982
9783239
615912
10000
17487846
4971624
9982
9950
67974
10000
1172109
184085
10000
9950
415333
10000
16417035
9630
11249240
9988
9972
10000
11744875
1829668
4145581
1368371
9982
7751794
9919
10000
2029831
7765601
9881
9885
9988
3091763
10000
2470091
8911786
9982
9950
10608361
9982
3781369
242242
2669184
2368622
13253889
14369242
3040245
9988
9982
15891208
9778
13298231
9982
9982
9972
10000
298769
9972
857364
9953
755625
4946634
13250774
9309
9982
9527
18748310
10000
10000
377146
10000
16112834
4003874
6966340
4722487
10277630
1128158
6587216
9982
9982
10419464
9982
10000
5642656
9982
5768346
9975
9982
9917
10000
9936
876186
8539379
643906
4041109
2541590
11638899
9955
9936
9979
853525
10000
8538034
9939
1016487
756543
9976
10000
1760050
9982
5575256
9988
9982
9842
4893437
9988
10000
9985
2773526
4886803
10000
120351
3695821
10000
9965
3916230
13180582
22152119
6015773
9778
10702752
9939
9817
10000
9988
178221
1816385
7424921
9982
3500094
17314328
1840844
872617
5814634
11679621
10000
9979
9936
9979
4812332
10000
9988
9972
9982
9982
7128136
9936
827926
5079727
8805992
4348018
9975
9982
5613351
5666091
3530406
9979
9950
9988
9112375
2486454
9988
9620
5766612
9988
10000
9979
9890
9988
9988
9831
8772
9979
531347
2593934
9988
9988
6872133
5760191
3894330
10000
10000
10000
9972
433499
9982
2975840
9972
9979
9982
9842
1192839
9988
9982
1039514
9162926
9982
3606254
9982
10000
2833696
663249
9982
13429177
10000
4039123
3308268
9936
9965
9982
9982
9936
13088142
9890
10561649
9988
9950
6334245
10000
1866403
907434
10000
4490614
9982
9988
9988
266469
9950
9988
10000
12036761
9985
9979
11032497
12194738
10000
9985
2123780
9979
5300741
9972
761645
1008445
9950
10000
9979
5168342
9982
10000
9972
6260484
4315849
9972
4835991
1336895
10000
10000
1434332
9936
20667784
5806242
19938587
1307711
1913633
9972
7006669
9982
9955
1543434
1554
8559884
6393215
12721183
631309
2273829
9988
13550384
10000
9955
2336207
7448799
6207990
13603750
9982
9842
9988
5811912
3050410
2788936
9982
1835313
9988
9936
10000
9950
10000
9988
10000
6597
19547346
9972
9982
10000
9982
10000
12677600
10000
9982
2315450
9979
246139
10039104
7154656
6982300
126620
14652059
7754778
9979
10000
177027
10000
10909528
574127
5607848
1372140
9620
10244874
9979
2624131
9881
10000
9982
9917
9702470
7224398
1379527
9834
11981021
9965
9923
9976
1718284
5010065
9411386
10000
8823
10000
4330388
9988
9982
8352542
2918477
1165918
242004
9982
10000
6944733
2104195
10000
9979
1409910
2150235
9950
9964
9950
13460381
13497764
9982
2104725
9982
4875581
9950
9939
9890
9936
9988
9988
9890
9988
9985
6094311
9988
9988
9982
10000
1196456
9943
13371580
10000
10000
9982
3249681
4694384
9670205
747792
9979
10000
511633
1780837
11197874
9976
3573879
9982
9979
10000
9988
8302921
9988
10000
3753511
2937753
15997246
9988
9982
9705
10000
1581519
9988
1045675
9988
3433977
8683222
9979
2506102
9936
9988
3684430
9982
9979
9976
9982
3978539
9979
17158747
11710191
1123366
9988
9988
13403796
9985
9979
9917
10000
9885
3756335
14612946
7102740
10000
2666874
9972
9982
3035452
5707040
1896056
4507111
15884134
5395676
10000
7158178
9982
10000
10000
10000
9988
9939
9915
9982
9982
1577247
10000
4693939
9979
7888895
2911773
9982
421643
9988
1416975
9988
9988
9964
9988
10000
2980813
880242
902539
7037979
1712258
9988
218454
9620
10000
13184
9988
9666
9979
30916
2824472
10000
356627
9344
10000
10000
9878
9979
9205183
7229443
1529126
1640985
9261352
11968320
5995489
9529
1511850
9988
9982
9936
178514
5863888
10000
21489838
365983
122072
3542313
9950
10332482
1147516
11470628
9982
9982
9936
9950
10000
12997241
2539393
17645426
9979
9988
9620
9982
9979
10000
9816
10000
18017279
10033133
1065595
6877030
3624033
9982
9778
10000
9982
693869
286417
1918542
10000
9988
9988
9961
812251
10000
9979
10000
8529702
14979498
9982
13330346
2525741
9982
9988
274070
1463450
9606
10000
9890
2077647
9309
4349774
9950
1651950
11410107
3000842
7701581
11279514
9955
9982
9279611
3645100
9972
9988
9620
1575222
122591
9936
9982
1456279
11233950
9979
2421718
5267237
8770202
12994021
11459379
9955
9982
14241024
9988
9982
996623
10000
46815
9964
10000
4480248
9988
9982
31535
3664389
9988
9988
9979
9979
9982
665631
6204032
14845541
9979
10000
9979
9955
787786
18402149
5527906
9972
9988
9950
5662014
9988
9972
9982
10000
879141
9982
9842
9668658
15214809
2334751
9950
4945822
2018370
9982
9950
6209877
7917847
10000
9988
9982
17894441
9976
9936
8765002
1794540
1582538
10000
3401526
9988
9842
9988
832048
10221219
9915
9890
10109182
29007
1614227
9915
1463392
9988
9988
9982
9982
9936
9955
7710766
9988
669972
15849611
9979
1428
9936
3193161
1535914
11522534
4872882
9988
9982
7211039
10000
8756
9988
8907310
1400113
9842
9966
21894352
19046985
11682438
2363269
9373
6185133
