33
623 -443 786 936 900 886 723 510 92 -710 145 961 -774 529 -900 300 912 408 742 216 773 716 135 939 160 -932 106 768 -25 848 196 700 900 
705 584 316 -528 68 160 -812 -395 652 940 612 820 -141 196 542 472 776 560 322 104 423 740 80 -568 740 -312 732 108 480 -843 330 828 564 
-564 49 400 688 -450 -776 241 807 686 328 542 851 726 427 -38 716 720 736 473 684 600 161 -948 -748 278 544 -168 400 854 -259 692 526 728 
920 560 228 720 960 440 917 -455 563 83 84 -332 760 230 -84 141 530 600 687 421 560 642 700 490 542 726 700 -568 690 -257 529 -856 125 
698 224 -380 286 930 784 -163 254 52 28 -536 85 860 512 -920 302 165 912 -283 504 339 -300 -980 940 130 372 821 446 536 875 250 250 606 
-58 216 664 100 -550 640 -308 -825 876 737 -504 556 400 188 -296 900 119 360 395 247 867 -368 265 -37 -674 -560 840 -787 -84 816 456 746 -46 
714 0 -80 450 832 60 36 864 535 318 622 -872 408 925 976 336 -110 417 55 560 638 -576 463 -550 582 534 624 341 772 -420 850 958 644 
232 -349 704 621 -364 740 894 380 752 291 -568 222 579 212 599 168 376 972 -540 854 852 -831 109 -385 -695 -436 640 408 -680 440 450 20 730 
-503 500 800 -591 885 729 894 160 764 725 549 -560 320 604 398 462 -766 836 -766 480 520 338 596 424 374 492 579 672 6 904 188 124 120 
10 104 376 700 88 520 391 882 544 -243 -488 819 103 470 922 190 -20 356 -828 644 239 -26 450 -133 422 964 336 -520 900 -290 480 944 704 
-776 204 -895 887 136 177 121 -137 822 982 952 996 660 380 250 -361 276 -272 678 950 743 -69 520 810 859 312 150 -832 -104 548 60 776 606 
-57 -470 682 70 850 -420 76 626 680 759 183 -842 258 -513 -185 296 -269 174 360 -750 665 375 -720 358 920 914 -180 560 72 -152 159 440 -260 
600 488 913 718 930 204 528 350 40 520 288 808 450 -632 830 272 632 546 125 -251 508 288 508 672 -212 726 720 776 840 -862 560 42 640 
392 364 -225 656 307 -625 20 595 -455 780 56 141 560 -76 110 437 40 -116 866 600 453 165 572 794 802 900 56 924 -170 189 -128 536 -400 
155 588 856 48 -176 -112 108 560 914 939 258 387 864 728 180 296 736 184 340 196 410 761 464 -26 588 902 120 266 996 506 508 504 474 
551 500 -526 112 390 807 -727 396 696 958 228 250 750 550 -781 952 72 641 311 121 0 160 550 976 192 632 965 400 840 320 -721 100 40 
144 468 760 338 450 92 250 568 960 659 346 143 659 -124 256 568 -512 -14 -776 -77 2 324 -500 878 145 578 515 984 743 224 754 0 682 
634 96 118 635 -903 122 125 990 -160 312 625 352 222 72 718 403 -234 160 -400 984 128 124 160 195 272 403 175 0 755 840 320 396 -424 
73 908 100 828 160 983 -680 32 -889 934 -500 860 171 -648 -264 736 -488 636 556 404 -80 610 340 -629 440 960 573 -672 853 108 455 110 -675 
932 796 -311 -943 644 380 -600 -222 236 904 100 491 -650 -800 -857 820 136 415 608 352 150 704 312 204 950 350 740 740 264 -490 2 690 665 
202 152 -517 389 630 46 532 -984 48 136 714 -825 -46 815 496 522 689 114 472 457 -534 120 105 445 -200 -99 40 -412 -556 480 832 -383 804 
735 312 216 -44 580 988 428 480 884 964 517 -805 320 -606 915 -96 894 -260 0 40 140 982 397 73 -784 316 256 833 50 412 652 660 0 
764 40 225 672 -706 -891 776 802 -593 860 264 -653 -342 743 864 -686 180 -125 -740 910 192 -842 216 290 -40 844 894 590 -925 472 764 944 683 
515 -104 875 576 405 -65 821 224 608 -646 -384 -500 103 163 -258 796 -998 556 320 720 112 -935 545 -46 -200 -28 941 -224 841 188 -748 245 925 
14 360 645 362 -522 870 -902 911 212 88 640 847 -89 848 296 441 375 608 -182 115 910 960 662 240 -688 -162 692 764 892 866 936 712 50 
678 923 -223 100 -636 725 440 -808 -632 556 130 600 388 862 36 -81 890 781 390 906 895 604 528 50 224 132 -760 920 -636 -456 158 146 801 
468 48 -775 -402 -580 990 420 107 682 986 426 -320 80 -56 584 -892 120 -592 88 -190 -213 470 458 395 246 -96 650 120 687 264 596 697 -342 
716 260 360 620 -82 550 308 -110 142 964 140 -852 -150 -887 -875 850 740 990 720 -667 835 164 -559 61 200 948 0 -493 780 -183 -478 518 447 
545 398 -484 -368 800 -864 15 184 846 -30 -340 472 944 385 551 -598 -28 943 254 -20 40 -199 843 180 578 810 880 196 400 928 906 736 -534 
-406 64 614 126 584 426 790 550 -122 -206 987 816 16 895 -755 150 376 876 745 18 78 458 -528 808 360 332 640 755 -108 -625 706 56 271 
-865 886 -712 112 943 188 520 954 103 -790 653 884 -418 496 843 860 -842 472 435 0 722 62 950 184 315 470 278 0 -99 626 -448 21 -86 
489 424 498 652 173 486 702 292 -667 452 334 -827 996 700 840 -400 -800 763 -464 356 -494 611 556 464 959 216 -567 -640 180 60 520 -176 382 
-198 668 78 -468 584 -508 451 906 534 -995 588 -125 200 432 584 241 275 860 -281 372 846 10 -462 428 -53 566 -756 896 293 2 -40 120 134 
