33
-473 -16 272 620 -867 120 780 160 15 842 -200 658 740 622 8 -563 491 -702 562 692 54 -372 -432 210 816 -430 -501 -564 276 -639 245 510 880 
-90 722 -150 904 470 488 -520 810 644 156 176 -339 291 78 128 472 763 -306 871 264 766 644 -324 -80 -324 376 735 368 90 803 840 -126 310 
189 -933 78 82 740 106 -982 150 244 256 889 862 885 -426 -460 840 368 0 220 252 556 176 628 258 -400 -561 40 -750 -820 410 523 295 460 
-190 222 760 762 665 860 890 988 340 770 620 -520 433 -840 -770 165 134 372 72 0 580 796 -130 39 258 -806 196 198 466 904 325 7 94 
825 649 -670 -722 150 912 688 170 -258 736 -289 97 512 934 763 744 136 412 -821 979 440 762 813 -600 -955 180 -422 200 50 380 -448 811 744 
790 -103 845 -12 494 464 296 820 516 196 428 928 -776 674 594 322 -414 390 150 -100 12 960 432 271 -404 -930 96 980 586 240 38 839 943 
440 124 652 480 -210 312 -328 603 238 -960 4 -287 962 0 504 814 786 -896 550 6 380 -506 959 698 660 242 840 248 -385 768 -148 525 831 
753 666 -840 -896 600 957 740 815 83 810 134 932 -410 855 58 -986 -820 -960 370 -643 788 216 -215 203 760 600 876 178 368 742 764 324 60 
200 -694 0 520 782 370 267 834 48 952 448 804 758 -77 691 560 63 -702 653 -938 378 -680 -640 -450 902 352 304 404 0 424 110 660 910 
976 35 430 208 -832 -884 748 490 375 956 296 -884 750 -65 575 816 772 120 653 949 -620 660 233 973 -248 804 -291 -165 376 -181 78 890 708 
866 824 696 -860 -72 484 -872 192 213 -288 65 988 -712 -588 607 -426 396 -503 -340 -750 760 992 -520 -315 408 -48 -400 107 305 462 6 -315 343 
82 460 484 781 492 -534 -761 186 256 750 771 560 584 -824 757 820 132 401 385 840 770 344 960 238 313 -931 780 25 819 778 -429 696 614 
901 487 136 111 85 700 655 560 -528 992 260 -97 47 -458 274 -672 78 85 548 468 220 390 895 200 584 537 170 -595 558 -120 -811 602 -104 
393 640 192 583 944 496 840 -560 212 888 427 -160 497 604 429 -552 365 -571 -54 604 424 515 730 -64 144 818 -815 -920 -608 338 472 580 248 
760 352 400 699 396 375 622 388 -705 60 7 302 711 -939 390 70 992 86 725 480 502 635 86 352 912 843 388 535 -503 645 -136 22 850 
-545 796 640 608 358 586 -853 408 600 528 909 -444 259 98 -168 198 221 750 404 860 746 -904 570 915 880 380 997 280 590 880 888 -921 648 
-422 850 544 605 -700 456 110 934 174 830 888 -373 424 355 -928 392 -600 860 400 898 440 820 -960 214 -400 -736 11 9 233 600 64 -810 -936 
363 -721 320 120 432 200 650 344 833 385 840 250 -384 -654 380 -32 490 280 -632 36 -880 56 896 6 -612 -80 788 -675 984 816 -640 281 -888 
-720 -100 262 -838 976 875 744 44 579 980 104 272 264 678 -350 39 950 -106 684 912 -916 800 525 211 663 165 44 350 443 722 696 369 744 
925 523 -888 -549 -606 220 413 672 215 856 944 736 960 670 -394 25 -119 720 145 168 229 888 877 90 782 -856 994 111 984 678 -410 60 90 
444 150 -264 986 974 540 168 397 -698 628 88 291 131 -677 220 808 -432 344 556 236 868 720 379 704 462 152 326 -364 250 640 -484 955 566 
52 220 180 213 265 585 900 908 0 24 57 639 966 655 770 80 435 -440 449 175 864 944 940 488 775 644 -855 428 360 -582 385 820 -585 
848 -390 448 28 -823 944 969 732 -300 500 48 808 760 -925 -240 700 672 -476 405 63 910 -252 764 -242 893 400 330 -684 200 680 600 568 728 
-8 825 197 20 662 -912 412 200 179 -160 -778 20 649 960 -146 -540 -860 168 869 -858 -155 684 -768 110 -258 608 172 160 756 325 780 -501 808 
893 36 -710 978 130 688 504 -698 382 852 981 43 -752 530 875 938 520 184 -410 260 815 366 929 125 690 -679 -745 265 -414 860 846 -888 845 
73 682 630 990 590 58 374 -860 412 888 -746 832 197 432 880 -275 -4 -152 875 882 505 742 989 -225 -509 -7 -148 440 170 110 253 921 492 
390 680 83 -416 0 119 740 259 652 404 -710 719 203 -828 589 275 250 -898 -453 754 720 154 -595 169 0 443 600 -767 786 439 865 685 172 
585 491 570 -512 -269 369 532 497 -800 412 216 338 240 974 573 74 -627 559 850 840 -88 630 24 836 410 88 406 320 -916 261 124 492 843 
407 -677 285 336 116 382 784 900 672 537 984 232 -626 -968 246 726 312 465 578 115 388 480 -340 630 245 390 -73 864 360 1 -780 360 716 
45 110 630 932 460 220 710 352 -432 29 -916 390 -56 589 466 528 552 293 898 500 52 -72 584 840 -224 768 24 425 324 400 520 -300 332 
-458 746 991 -608 275 -280 428 190 121 294 46 359 910 -382 700 760 -912 952 760 -280 218 854 56 34 640 50 368 621 274 905 578 556 -576 
-360 86 304 651 354 88 412 825 860 852 -814 633 -472 -700 890 130 580 125 150 886 100 471 114 128 628 653 348 226 424 932 463 648 667 
496 538 869 545 40 563 900 749 616 626 -130 964 -206 550 119 838 520 939 208 -494 575 848 -280 97 268 625 790 83 69 -336 600 218 4 
