33
-220 0 901 -800 -915 520 -475 434 950 538 944 84 296 625 540 140 704 144 200 104 990 414 675 166 856 606 818 840 2 596 729 746 -672 
-675 -351 56 279 692 420 -40 716 239 818 373 -465 288 479 454 0 33 451 -550 854 280 983 -200 -384 65 418 396 581 65 -940 880 192 441 
-312 460 758 63 312 460 100 461 506 106 -16 495 370 250 880 232 884 997 932 772 47 556 560 58 8 -604 768 206 80 925 90 -97 505 
875 680 225 -325 644 308 144 736 -800 370 350 789 745 799 490 -108 323 -716 192 567 920 -603 40 84 158 80 480 432 530 765 -891 144 -904 
150 232 -239 -898 838 948 423 -480 -376 -108 -388 107 272 731 340 -950 695 348 67 160 825 -840 326 928 650 -866 32 184 74 -188 18 107 300 
240 536 700 644 580 -278 912 10 -400 600 506 -316 495 565 626 652 752 415 998 -728 88 847 128 484 988 178 400 920 -216 172 866 -373 531 
-392 625 672 904 -336 512 772 48 916 912 256 -394 -924 496 576 448 479 690 716 976 520 536 579 945 -359 324 771 -139 -374 808 360 940 565 
-640 14 -809 794 110 236 -518 68 258 584 -100 -528 129 750 704 575 874 -778 -850 772 -506 617 354 58 346 -402 -213 172 165 465 -420 667 93 
22 895 289 925 -295 982 -454 -304 -312 321 218 320 -960 4 131 2 224 754 -704 222 712 168 494 455 -592 381 -864 713 730 618 -764 392 670 
-280 270 616 832 323 -235 0 986 630 520 240 -166 452 -519 -268 -138 96 448 380 339 884 690 375 600 -559 460 41 338 160 -504 745 64 882 
922 -38 586 -94 -185 800 892 -92 -218 656 676 712 175 -96 76 805 -757 -244 -790 -616 760 596 424 126 300 468 360 -390 973 220 226 724 369 
559 85 825 933 -730 200 -480 764 -432 672 900 -943 588 -560 892 261 -632 162 710 -406 276 300 620 7 652 392 234 855 -853 896 -550 672 215 
685 36 2 -431 649 522 73 105 -245 215 -395 420 622 950 250 921 919 -283 70 592 268 827 -950 -408 296 656 576 21 0 160 952 722 218 
296 -480 520 -344 986 368 707 331 160 -871 760 -152 808 230 468 -285 475 356 880 225 153 800 623 0 290 144 73 856 -400 890 680 296 45 
840 594 920 268 168 -226 -368 135 535 164 576 -662 475 -850 516 322 235 668 436 937 -872 152 -720 504 197 561 376 556 370 1 915 -240 -448 
-355 880 232 -875 336 318 200 -671 435 -165 350 -752 774 -698 -960 740 757 -960 659 237 610 -710 200 531 509 122 960 494 704 274 431 680 -840 
-775 834 142 820 302 103 803 897 639 803 -371 300 662 88 -600 684 -83 -860 915 850 996 420 300 876 140 349 616 944 -792 370 591 661 155 
43 855 437 380 520 151 800 -20 -370 -920 614 704 -852 960 995 -70 836 671 -12 638 740 448 -153 320 635 516 760 460 920 841 686 725 600 
-618 -904 935 111 719 0 640 879 -500 965 771 830 496 526 300 -627 521 -140 469 344 837 -92 737 748 -380 260 -934 608 613 -454 94 446 118 
788 705 512 591 703 -56 -748 816 15 382 285 -780 372 336 917 528 500 210 -974 455 448 450 166 -931 61 395 -384 56 -538 268 81 64 68 
574 95 -883 945 496 512 40 338 845 64 164 185 950 -996 180 374 225 786 -720 648 341 -802 93 60 992 -630 440 748 373 664 34 -894 -410 
728 295 648 -459 153 260 -992 44 712 -364 220 215 23 822 826 700 390 -400 302 944 650 270 920 640 544 668 520 266 894 830 453 434 202 
-175 876 773 960 482 712 786 671 727 386 906 -532 135 887 340 -82 266 80 -449 -288 780 475 -85 935 972 -168 611 392 784 -899 850 976 95 
-451 -272 469 -351 240 876 10 294 493 -389 912 784 -734 346 260 806 808 -990 304 136 955 -416 16 946 390 -750 700 960 -650 4 300 -267 185 
186 -248 352 -249 871 342 386 500 946 692 504 231 -190 941 70 -480 142 307 -855 -755 816 45 258 966 0 408 600 730 -608 500 135 440 -600 
400 -322 -15 500 262 629 660 -878 921 400 80 -635 552 42 166 888 -837 608 455 -488 294 729 935 48 192 748 20 -233 426 335 288 160 -988 
949 494 -760 0 -456 755 627 578 712 130 228 0 -880 -856 -54 728 696 686 16 548 957 748 888 14 -890 809 -655 741 959 450 -700 600 645 
502 426 360 466 831 910 19 340 21 255 923 -396 560 -287 -95 880 284 44 -641 -70 444 76 32 281 -112 820 436 115 630 380 352 528 -234 
240 -334 970 697 -320 344 980 912 803 773 400 480 442 656 364 341 804 300 230 -452 963 -895 -230 840 50 705 695 350 -110 118 481 102 -656 
481 -360 102 216 584 766 793 156 520 916 -230 95 184 675 378 -827 367 -560 -992 50 814 574 892 -700 605 792 50 215 848 738 858 740 152 
-443 464 48 750 792 -190 283 348 894 800 -600 505 456 -280 640 -978 80 241 884 872 655 128 160 845 615 -960 -100 976 64 287 646 878 -296 
568 859 125 821 22 -100 -423 306 987 -119 90 132 -96 750 500 580 680 -10 -769 -874 577 936 65 224 -856 8 80 647 612 20 872 940 728 
384 940 360 -880 824 173 410 0 200 470 -256 584 73 728 -500 -500 0 -338 500 -539 581 169 655 685 -801 148 462 728 -980 -112 437 -169 -150 
