33
54 -595 -169 999 -300 -192 350 186 456 644 700 488 530 910 871 -542 300 160 300 -944 -829 608 284 230 -884 703 624 -570 960 321 525 -682 704 
716 625 -660 638 640 999 -156 913 56 -158 65 248 730 176 11 362 896 -511 356 840 700 -312 849 564 -370 912 -178 570 880 -596 -43 852 336 
197 -311 -625 151 855 -276 674 4 -380 170 160 680 17 504 -760 -840 -865 -464 296 922 321 448 175 -289 814 268 690 52 -208 148 542 -825 -685 
164 240 -110 642 332 408 471 360 643 32 -845 -475 208 870 472 120 105 662 375 724 822 686 -610 520 896 9 54 -224 335 72 -455 137 70 
482 40 -24 -7 -77 722 622 -222 992 300 -82 257 875 -744 500 -919 456 -768 -458 -222 388 568 344 660 276 -460 576 631 106 800 284 -920 286 
474 353 800 -242 741 -890 938 830 310 0 343 590 456 595 900 415 864 -438 666 708 734 805 862 855 -312 339 635 850 688 -692 -32 768 673 
408 352 502 884 -444 -440 -148 -712 660 210 275 -552 113 -920 -599 -160 164 970 -682 930 824 800 868 224 634 687 680 177 56 840 949 630 224 
849 24 336 877 778 -351 712 750 -426 738 744 480 36 568 540 88 -309 -464 300 659 -762 338 -345 -220 770 -618 875 -82 302 559 306 720 113 
28 20 547 940 50 480 544 96 -267 152 328 -180 650 925 -957 840 -796 715 490 905 908 664 716 264 674 -580 80 -872 -288 801 356 34 560 
596 386 555 352 278 636 632 888 456 975 311 -610 565 554 760 973 284 204 -613 381 179 68 74 472 -352 420 -208 0 480 125 632 200 -934 
726 870 -561 585 339 791 595 144 -225 -329 910 350 42 780 934 844 505 8 512 -980 476 -332 -592 305 444 776 -980 576 276 802 240 443 294 
136 -482 546 230 -976 232 600 720 720 881 -914 992 140 846 -136 504 408 435 -294 538 -309 612 95 370 690 896 698 800 300 -490 -89 720 -866 
372 810 213 -764 856 72 356 -440 430 -443 128 843 555 -200 -376 -895 144 274 743 104 620 0 216 -240 360 -818 171 -936 -923 845 660 376 800 
-879 -107 -322 880 256 195 460 117 -920 136 625 -864 -700 630 280 -222 165 982 465 230 432 -476 -40 -348 -660 315 300 970 970 197 44 922 360 
-210 228 -978 0 164 -110 950 -395 185 592 925 368 620 130 338 583 479 230 70 225 -632 40 335 332 900 600 701 -840 602 692 350 811 730 
495 240 80 -464 200 554 460 -599 830 -328 110 768 642 -825 484 0 -790 536 611 970 760 -590 620 92 682 900 888 215 727 580 -156 236 -868 
696 392 756 -670 -80 420 854 198 280 247 235 960 816 -665 -58 36 884 260 264 -332 297 -140 441 -885 296 -368 352 14 388 -300 420 528 854 
296 590 66 80 48 190 490 786 702 799 -990 -975 448 405 288 751 848 4 -96 75 475 870 -21 -521 440 864 201 746 900 256 -381 210 176 
624 500 600 548 -80 -807 20 6 824 642 780 -390 56 640 469 657 368 90 940 485 -357 -178 -830 895 800 -504 755 152 904 795 193 480 325 
580 -400 -736 -966 117 457 246 866 97 -30 864 569 632 -48 391 555 376 16 342 890 -328 115 849 680 -250 264 -500 719 752 -624 824 763 816 
746 950 397 620 206 0 648 -898 780 539 845 -464 784 -120 -856 -842 438 100 552 139 0 653 737 930 498 688 600 242 285 600 952 5 -210 
-207 791 683 491 -410 288 648 301 980 -702 490 179 -824 771 -320 320 752 784 322 640 880 700 872 -481 400 945 42 201 584 120 851 25 480 
-580 966 306 -462 804 919 112 -880 -664 248 -757 614 -736 190 -420 239 864 0 560 500 568 415 500 672 -715 400 729 592 -909 808 800 22 120 
-352 532 168 641 860 667 72 698 250 480 240 120 286 14 752 969 -388 704 68 88 789 590 18 -910 775 677 640 -647 440 378 437 914 779 
-720 35 240 488 896 -372 256 797 550 938 672 841 975 408 -596 830 548 604 -316 836 528 -660 616 -748 285 360 964 120 300 941 80 78 158 
328 755 -396 906 22 239 980 486 784 -926 880 921 544 350 747 184 706 -114 574 492 81 232 346 -985 600 640 860 -838 28 182 348 672 656 
978 248 -34 882 312 -825 890 -324 12 893 656 -692 951 992 943 534 536 -765 836 552 558 630 210 632 250 847 608 129 -287 876 256 109 120 
294 985 308 -748 -820 84 -454 320 758 -959 -956 635 136 -736 681 276 816 352 -624 960 -894 525 32 760 245 143 70 740 858 320 232 445 -184 
-760 288 330 120 244 500 860 713 -928 784 80 253 -449 85 -225 295 26 -195 140 -254 86 -704 700 0 900 400 -38 580 394 800 382 389 -311 
141 696 790 656 562 118 4 -256 300 224 213 354 -350 -959 60 440 884 891 536 688 772 -442 168 875 -55 14 7 -595 84 650 -920 -164 10 
776 738 508 -306 288 340 101 872 -557 368 238 690 184 366 655 994 70 -80 910 -392 900 90 -610 946 550 204 -804 -980 340 100 -10 455 296 
619 -770 148 -152 486 188 6 -640 248 421 -640 52 960 -198 450 789 553 -464 620 -770 6 276 -920 -526 785 -290 -31 540 631 724 265 218 760 
458 222 -680 868 782 588 560 808 70 840 -820 962 -60 558 -339 135 746 -776 522 250 493 340 -180 650 320 330 94 684 -768 242 540 479 877 
