33
420 768 712 672 -334 870 352 976 -124 810 -148 141 880 70 48 531 -937 -389 550 557 168 673 971 84 -958 -784 -762 183 853 -492 999 0 -125 
696 393 930 20 896 520 285 274 -264 595 726 604 853 -855 -100 506 842 331 130 857 571 888 980 546 579 788 -558 -912 504 -358 41 306 276 
368 950 533 791 410 827 -488 -76 401 928 445 237 176 408 135 356 60 628 136 960 690 892 708 -841 318 68 636 51 85 -260 -560 352 -108 
486 409 530 442 -196 214 0 200 997 -916 978 949 -375 -704 525 148 -10 992 -472 480 318 406 960 -476 -300 350 -437 -362 900 440 -67 920 136 
729 883 218 -200 4 350 738 -800 -236 144 102 48 -790 594 805 550 960 25 368 404 208 -284 207 52 -78 -222 648 112 -564 264 -795 552 80 
795 364 285 326 -16 540 416 299 35 80 450 820 875 686 647 -480 218 510 -316 280 367 -715 542 -40 436 532 -512 -706 -116 560 698 536 340 
-919 607 832 -892 712 820 35 670 -625 125 520 25 514 -226 -721 -358 10 790 906 -820 227 832 721 60 362 708 -487 848 -509 724 -128 -224 973 
-880 916 480 -205 58 884 808 -900 192 -837 900 984 -320 512 -450 713 -934 832 130 30 535 610 76 473 946 -175 800 900 95 879 -960 592 456 
-404 720 375 836 100 588 622 175 -50 -424 208 920 730 -60 120 -878 -869 -600 60 600 -712 95 340 450 -296 -303 -918 690 -384 940 -968 837 -628 
-748 -884 392 745 -110 794 -730 720 604 2 428 200 -552 997 -980 840 704 664 240 912 140 999 777 408 360 552 682 126 240 659 523 224 -200 
280 546 -922 11 828 468 686 124 520 -174 524 950 985 170 952 -618 -800 41 150 269 340 190 -486 314 123 688 6 216 885 692 670 410 480 
-996 584 360 360 547 780 515 152 840 853 152 145 -86 -655 960 153 97 180 838 432 386 488 -948 392 -841 -460 845 384 736 100 544 -229 -627 
152 468 472 864 120 34 876 784 160 -208 253 938 181 -880 680 616 389 344 554 -424 -824 34 705 415 952 950 156 45 858 -850 -296 273 786 
-45 458 828 800 58 759 272 340 50 93 292 -568 645 882 302 -99 352 456 620 965 -231 100 143 -436 -737 322 671 268 -900 -932 752 941 -172 
-750 538 330 794 -26 120 268 416 497 710 148 -55 656 -590 400 -67 -384 210 32 704 980 885 850 848 830 -296 -890 414 44 640 768 -624 -275 
520 445 -80 -174 -76 -950 927 722 910 843 92 236 720 802 90 386 -396 558 836 688 708 406 232 392 -800 938 898 216 782 430 -400 750 -275 
135 -796 501 877 -629 388 421 -702 653 -264 328 -355 -834 -154 412 91 602 -545 963 596 815 502 440 925 -750 -481 641 107 422 576 -1 256 -772 
586 720 528 870 160 750 172 80 704 588 780 -134 500 136 881 636 325 686 -432 976 800 -444 547 340 -148 3 -350 26 168 700 -192 -400 586 
-940 -378 450 149 697 -650 384 840 744 656 -441 696 71 760 465 359 365 75 55 512 248 -900 86 685 988 120 95 650 40 455 412 368 -16 
-407 58 -995 982 814 743 131 466 744 -99 -900 314 600 764 172 615 612 756 472 678 200 -930 610 400 64 891 -675 -821 792 632 157 242 766 
372 900 264 -650 725 125 -784 974 480 250 -916 -864 616 400 398 912 678 120 -990 -109 95 -465 810 60 784 656 996 -582 -730 552 104 578 481 
-58 498 844 -48 40 -976 -680 280 936 76 248 784 -212 100 160 669 956 982 -895 724 400 968 675 280 490 135 0 -828 198 876 -384 864 94 
568 686 -110 124 -1 -100 -492 606 -322 -648 420 200 531 0 185 -865 604 16 627 52 776 592 773 841 550 -64 140 -428 334 290 280 880 395 
390 278 440 788 -819 516 78 360 150 132 996 -166 -34 65 -900 640 56 178 218 156 810 260 273 80 -415 131 767 586 300 812 -824 472 94 
216 764 200 -512 232 0 692 511 3 -400 665 136 538 645 190 -5 855 12 255 -64 -584 556 -224 254 -212 334 171 374 -720 -156 623 532 137 
996 44 938 379 816 -293 -918 23 608 -331 712 938 584 380 -275 -412 875 -530 -220 800 784 984 394 -330 105 184 200 -329 870 968 650 635 744 
444 732 720 598 750 130 312 -85 564 360 -520 521 390 796 -915 760 -540 336 190 795 250 331 502 310 427 -280 256 86 787 534 0 278 135 
425 -82 508 -442 590 110 81 -220 545 507 120 534 888 0 155 671 47 625 306 32 240 300 310 340 696 -702 602 436 455 584 554 -299 421 
484 966 851 896 -720 740 435 -660 -472 294 820 85 671 270 -784 961 928 -60 63 -365 161 945 420 110 496 515 135 796 97 900 90 -925 333 
697 420 474 912 -192 578 -395 0 723 -190 295 632 899 808 960 668 892 -40 702 570 980 305 -465 736 -160 86 851 -207 504 966 300 -924 -184 
525 -14 -244 227 613 485 332 872 344 536 427 462 352 226 -355 -572 -973 824 440 -903 -788 938 789 880 763 150 460 145 -656 -344 -700 838 924 
360 241 92 831 -850 -816 183 411 224 876 108 -4 -216 335 783 590 819 378 549 632 485 600 401 708 119 168 715 830 367 392 44 840 -275 
648 -250 166 302 -900 -407 -449 5 240 770 330 500 202 328 560 784 744 500 112 894 588 375 200 580 321 424 549 186 272 -474 910 48 939 
