33
360 629 -362 -996 -696 502 354 690 902 888 -980 -260 -539 190 426 712 410 -968 445 155 828 616 80 720 596 224 363 390 304 -600 295 0 -512 
884 414 830 12 943 -594 -615 52 989 80 -8 900 -166 795 264 912 16 931 538 848 440 65 641 -148 312 382 67 92 450 -636 730 497 177 
720 768 848 204 -440 173 0 760 -200 957 -430 23 45 -93 682 980 880 35 240 800 771 316 736 -564 -969 710 -364 -647 -528 -860 -635 -250 540 
-664 698 -939 452 -200 60 0 96 35 539 816 378 654 -112 40 928 632 722 905 48 810 -700 339 888 16 552 939 -522 464 875 146 336 10 
798 304 410 100 -366 -800 200 95 624 912 212 640 68 793 557 291 336 807 361 -824 -870 144 240 660 75 394 960 668 773 920 680 186 662 
639 -108 244 204 970 596 954 462 780 669 448 812 595 -348 824 0 -820 408 -80 -575 630 -820 168 -965 120 886 850 562 510 514 938 210 -240 
-300 -960 674 729 347 132 -886 950 -124 748 -205 86 646 587 980 0 608 -64 -80 160 -310 40 642 8 -268 208 -986 440 744 50 -328 355 684 
889 -808 256 552 576 -192 -681 811 125 -456 576 920 232 650 -201 739 172 552 -146 744 130 600 504 837 828 170 -208 342 376 -140 932 514 -591 
-460 152 626 -192 -879 -980 350 560 22 512 220 502 324 939 441 576 282 368 682 -144 600 690 884 360 -559 -260 -729 496 360 -79 -70 476 956 
659 361 556 836 486 100 728 15 -845 -60 184 128 512 72 394 113 411 346 500 180 585 -12 32 264 320 -118 296 500 622 -444 458 103 -775 
617 192 848 528 856 655 -850 -48 -530 452 632 512 314 260 13 -592 600 879 170 380 335 534 408 294 245 648 -375 122 330 208 761 758 -964 
-583 -247 -436 860 487 794 276 -290 286 708 68 330 856 -285 -480 576 646 290 498 -732 562 200 48 796 -259 -425 100 952 190 280 356 272 80 
80 -480 580 -118 792 40 908 86 288 560 976 188 562 820 114 666 -375 468 476 432 492 912 977 701 400 850 -138 824 -214 397 163 424 -73 
60 564 -350 426 182 992 785 776 914 714 300 -200 520 160 -636 754 420 580 220 820 -820 -500 208 -492 -150 -920 992 72 454 746 -8 860 900 
-610 765 500 5 -780 724 748 -170 324 500 651 -400 642 0 564 837 -726 580 10 211 280 -220 547 974 48 -592 176 504 -604 252 400 -934 484 
952 -486 683 759 325 684 742 909 -868 228 554 657 616 -110 508 95 840 540 712 455 231 945 989 24 728 552 248 -620 865 595 -287 994 -440 
556 166 668 945 4 -210 827 119 60 -936 -640 -42 824 416 990 620 800 99 954 517 -400 430 -460 -821 206 40 -220 695 856 660 632 -736 248 
682 248 265 -344 112 816 559 956 192 546 313 594 782 625 622 505 178 659 200 -480 353 -540 955 -80 40 -495 695 626 166 330 46 -60 808 
745 821 9 920 760 251 484 812 610 580 912 712 350 0 108 0 675 456 575 562 324 420 600 594 344 -2 907 544 202 952 38 -9 11 
37 -204 400 525 978 688 310 550 -818 500 376 -432 -500 439 765 455 140 737 -437 982 -286 375 285 864 130 592 624 835 908 561 -176 928 961 
149 52 975 618 24 984 222 843 579 -683 311 128 818 -902 339 448 600 -482 -69 -726 -474 40 369 680 697 270 -140 134 340 176 116 434 -840 
-582 95 401 875 -960 -477 -316 396 843 864 -256 192 745 852 510 684 513 -300 -26 -800 146 -401 910 -770 746 -245 846 365 295 770 629 297 726 
485 -876 -280 240 400 57 -197 -950 -96 342 460 -428 860 230 819 449 425 324 358 559 602 180 464 52 512 811 38 600 -446 966 -188 338 648 
389 578 624 548 880 620 38 652 -646 141 620 804 -862 849 765 322 224 905 335 136 -782 816 939 606 628 796 241 979 593 125 -105 712 562 
-784 -225 500 296 40 776 -372 840 163 472 -672 362 304 925 685 323 890 -350 18 -347 644 380 253 720 -923 283 50 318 120 680 427 -586 230 
-872 120 898 -480 360 683 348 620 -16 -333 420 -584 65 76 245 42 480 380 660 -324 440 488 309 32 586 -158 920 505 96 149 366 5 918 
635 630 974 954 328 906 897 216 356 -692 95 -610 510 980 273 537 432 676 -375 575 727 130 756 720 -440 154 420 -487 586 696 5 74 849 
125 270 773 -140 152 -872 -610 329 541 825 165 370 967 312 860 71 696 -981 914 329 714 -548 212 810 400 -541 153 250 352 968 -760 444 360 
919 148 452 533 416 818 216 310 -352 -750 250 800 160 664 648 580 937 141 -982 800 -616 -341 596 203 608 0 696 56 -168 728 522 255 470 
999 0 410 438 404 168 382 -460 364 911 480 930 376 522 669 872 856 406 96 576 -936 0 888 -217 532 744 592 775 765 10 900 380 520 
-815 -808 624 692 166 116 515 766 450 929 942 -520 -821 587 -112 928 -98 174 840 372 456 359 412 595 916 170 -504 983 286 164 90 800 760 
268 920 220 776 94 497 -278 279 490 -956 -605 765 -303 916 800 136 904 -342 411 -933 832 -253 129 596 -278 -975 734 -751 306 -280 977 -782 -212 
248 14 528 320 974 650 760 794 544 452 -722 590 -408 752 87 596 496 438 79 915 0 888 545 808 826 300 525 74 198 438 772 -40 -504 
