33
350 55 576 120 683 -906 800 290 696 184 -325 170 825 348 70 604 936 64 -277 -560 360 804 492 142 400 638 560 545 -56 671 -116 702 361 
581 -305 778 -218 -890 253 768 290 0 240 340 48 390 100 365 400 89 280 783 489 825 588 944 -274 -132 330 -480 745 -908 156 52 596 -240 
555 822 -603 -381 568 680 432 792 539 180 770 990 616 800 108 805 -297 773 511 -278 560 -765 959 372 -54 500 584 937 200 496 -109 496 -140 
806 646 824 640 722 720 468 -160 460 -694 116 -35 -980 892 173 358 -432 300 444 442 600 953 298 257 -661 542 -823 928 -188 644 667 -272 480 
822 860 172 -893 784 -369 888 262 -787 583 500 -75 434 769 325 644 760 190 840 64 898 400 -18 336 771 214 712 282 974 -344 585 -70 910 
150 418 104 760 -671 -431 589 952 755 630 310 62 537 864 -291 193 -880 567 882 584 705 50 -842 -870 750 507 478 98 -370 791 110 476 48 
-272 470 182 360 -520 135 341 808 -100 669 769 773 50 677 620 640 840 146 180 424 330 871 212 895 544 879 268 30 -200 466 716 505 416 
783 -157 257 358 544 880 940 722 555 -875 296 486 520 639 342 212 -950 112 942 -132 690 216 269 672 842 343 530 -704 -656 614 167 578 575 
997 210 77 992 382 505 572 -570 984 593 170 160 833 654 353 985 -867 755 494 985 -450 125 144 455 -595 -594 665 395 148 560 -628 278 -450 
256 896 600 933 20 592 530 920 200 752 564 312 524 409 387 245 616 836 248 15 195 817 924 -123 0 283 142 56 410 435 -608 -184 293 
727 448 776 440 350 556 -602 516 462 6 200 490 -140 -28 310 -102 192 88 -518 200 387 -278 35 420 932 -767 964 900 665 561 827 956 -662 
726 -215 784 464 65 -878 748 894 228 907 860 858 -864 -127 72 625 256 981 250 43 709 80 996 32 640 926 750 112 136 198 182 150 40 
228 284 70 288 106 96 254 890 514 -690 -250 490 -988 632 -940 650 526 -495 957 -796 308 28 65 755 818 320 320 925 -872 436 235 -800 370 
449 -750 -864 -750 820 552 -492 800 520 440 -396 4 784 296 704 310 -465 400 185 788 -540 95 840 960 -600 550 460 -660 -460 296 -115 440 504 
853 183 600 248 970 -840 930 410 35 824 903 690 832 -355 155 -913 310 405 700 844 -24 399 790 -675 699 784 382 -556 0 220 350 -794 250 
776 840 723 990 633 50 -802 176 75 780 69 904 511 30 -207 522 -178 273 58 -56 -360 720 -32 182 912 -187 560 778 46 568 912 -916 825 
-650 416 410 547 368 339 160 0 870 -260 700 -212 -676 -30 767 184 376 -688 161 435 150 933 120 846 440 900 320 -323 295 727 -675 267 780 
495 856 912 -802 -963 -960 834 950 -440 -870 44 -248 -914 480 -670 885 -128 35 216 816 371 840 329 828 138 779 -168 120 -670 535 -790 468 144 
774 328 -80 815 -698 300 608 -775 135 -198 -820 167 936 832 -570 298 -972 639 580 804 -60 384 253 211 468 529 -80 -268 568 72 750 355 830 
353 -421 704 -816 590 624 404 97 888 715 -757 520 399 -272 620 -512 566 600 -296 -630 716 -981 754 -40 670 924 529 -394 408 885 640 6 375 
-107 644 -288 52 499 365 902 -720 400 853 676 364 788 -922 177 208 160 474 272 979 960 5 831 -944 600 62 864 141 815 215 728 252 -880 
750 995 -115 610 254 166 -945 134 -11 -444 656 576 302 -983 -616 496 442 458 679 120 -844 320 -966 808 -536 728 680 332 870 442 -322 -512 -368 
120 552 -257 624 -512 -312 817 120 830 14 306 497 376 -980 -584 248 -304 890 416 -200 354 840 708 0 580 -900 -976 955 750 538 -957 741 870 
792 412 -192 980 -640 850 110 614 736 -640 960 688 590 -850 224 652 892 152 777 -40 400 0 982 950 875 77 216 810 650 -188 -780 192 -232 
-968 962 346 -494 635 575 152 512 824 296 -705 500 421 387 152 -965 28 4 -584 -378 858 658 -208 574 574 540 -160 796 -111 500 -241 -340 388 
-257 -432 208 -554 817 145 812 356 195 -555 800 281 269 55 122 0 488 -775 -153 669 340 54 917 320 134 374 0 -285 456 653 156 66 715 
675 -525 -650 -193 190 835 416 953 196 608 -225 840 217 560 264 348 820 200 -640 0 760 -179 150 196 -798 -332 -440 762 -133 814 -700 583 -792 
110 944 375 -415 24 720 72 120 589 -334 959 504 104 274 -424 162 11 840 430 -665 -630 -450 72 0 940 -928 688 360 -872 582 572 216 -80 
290 -622 661 75 -865 380 937 -240 925 -736 562 900 -425 -300 -555 510 998 675 -428 778 -664 668 -520 178 -843 250 264 960 438 248 340 984 935 
366 664 56 920 -655 791 9 512 48 880 897 913 840 232 372 -139 748 125 880 196 668 720 382 -90 0 519 -520 160 850 960 412 744 -740 
320 -112 677 457 344 -540 -434 -49 700 -980 -156 136 -293 -950 379 -910 40 460 344 92 574 854 -962 684 142 330 648 148 912 270 882 765 605 
565 32 574 0 597 -135 722 464 -253 -760 680 822 -816 665 513 -378 928 -906 720 416 62 -346 676 110 240 526 56 -104 127 29 -94 -611 -758 
572 -496 81 708 182 630 -146 360 555 351 424 861 244 512 623 -240 562 634 232 512 -752 -820 414 140 80 441 66 663 -993 475 -188 713 0 
