33
58 352 356 48 412 807 -580 628 700 400 -620 798 352 592 -108 502 365 340 824 681 120 -559 557 -848 580 816 512 876 888 966 -793 488 247 
-336 226 -20 -746 740 -506 -980 219 387 -936 611 -158 20 -383 692 171 340 39 500 255 748 -252 20 -636 -947 340 -376 184 159 -50 211 270 -880 
-968 -150 150 60 705 -683 307 170 712 869 -493 312 586 417 234 460 482 509 -25 -176 10 74 137 250 -190 219 440 600 -686 128 279 178 300 
648 840 340 -472 789 -864 -568 52 977 360 -336 266 -112 10 206 35 984 826 833 -400 994 983 800 -618 320 850 740 -300 510 656 512 455 826 
-316 194 722 102 -526 -812 752 742 835 192 -421 308 420 315 456 945 -410 -275 79 972 -370 147 -635 790 759 -553 983 392 922 637 705 850 256 
560 124 72 370 758 980 640 -446 584 -100 715 -801 -854 96 500 900 271 755 -483 -10 -26 575 65 875 -309 -776 -797 245 -372 808 612 -86 252 
-472 520 980 -483 560 480 -250 88 76 -99 8 668 586 5 76 -81 923 80 963 248 40 936 753 -326 341 959 -704 937 -600 114 560 568 229 
319 829 56 668 268 690 476 784 127 728 532 840 872 493 528 290 -232 850 968 760 932 136 420 710 915 961 536 731 340 836 406 719 72 
110 400 -640 640 24 856 170 198 -47 732 640 905 303 -400 -232 493 -782 6 22 -26 64 292 248 705 -750 926 289 712 760 304 124 52 752 
325 -392 414 -649 512 588 686 704 800 792 500 404 75 260 829 935 180 -224 620 336 580 244 860 118 892 560 874 575 372 480 616 -72 -757 
913 877 -226 0 28 216 905 -836 532 669 440 -185 540 974 20 799 244 151 430 492 687 -242 560 912 164 308 408 884 976 524 540 312 975 
153 176 -458 370 370 75 -384 280 776 277 176 905 697 636 280 -9 -850 297 676 40 -936 -786 375 -80 750 -455 750 864 -820 961 72 831 -540 
818 419 506 802 230 513 752 489 -363 -694 740 200 950 -273 708 120 494 0 -721 3 -456 654 902 -694 -184 176 48 924 332 736 750 358 -336 
24 763 656 568 43 40 350 336 778 269 0 -596 742 80 329 975 -256 782 -780 -28 675 466 -560 40 400 500 972 10 388 -98 -12 -260 -665 
512 370 480 -400 660 37 0 -908 844 43 426 920 375 952 320 -229 -78 880 576 407 -152 86 606 992 -631 -512 127 420 -256 600 114 192 668 
-482 -45 608 780 520 -917 658 456 632 -807 -920 322 450 812 -137 348 408 296 370 -850 120 850 656 430 70 595 780 709 674 258 944 -797 600 
632 -330 0 905 678 -464 0 -350 460 904 736 480 533 776 -855 -148 66 -375 240 380 790 550 -713 320 860 640 796 -440 561 825 -446 -530 900 
250 540 310 -634 309 184 864 632 -666 946 400 276 408 392 -110 -320 -706 856 638 744 472 795 343 968 742 958 565 51 810 942 825 -891 826 
519 21 348 507 400 -408 -242 144 152 -860 420 27 -365 62 436 28 -430 -616 -290 66 788 165 37 -145 960 -265 -382 683 520 238 750 741 48 
0 534 312 -646 488 -834 200 680 660 977 100 210 -364 280 510 676 -434 834 810 -760 496 732 257 716 -275 -548 853 700 -930 565 278 391 57 
496 440 -572 750 378 176 680 978 496 30 704 168 867 424 179 282 -474 498 826 786 400 -348 712 564 438 862 250 431 491 220 600 -38 912 
453 464 527 408 980 285 -985 24 -980 596 813 292 561 430 516 64 12 -432 714 808 648 -384 448 648 -800 208 470 534 250 895 341 810 670 
713 776 -508 372 114 62 443 920 39 -316 435 84 306 -722 326 -821 704 268 138 883 600 60 -516 342 544 180 250 -200 336 -168 672 895 956 
-170 760 0 914 600 699 -936 760 943 38 325 -110 484 -44 -930 84 164 680 574 -445 640 0 940 600 720 968 204 839 161 130 973 996 922 
90 704 490 494 245 566 681 465 636 304 714 640 470 465 887 254 -436 -772 -707 -58 998 531 167 -649 -225 40 416 -94 -390 240 32 -730 200 
745 264 108 -814 125 770 826 389 808 796 930 232 240 625 -880 45 -668 730 573 511 854 -854 164 152 525 567 381 -64 672 -952 -465 248 -952 
-293 -794 896 -430 510 532 -906 -898 -616 636 530 -261 820 200 708 916 730 220 0 696 -950 180 -256 -31 864 968 362 699 274 17 -654 472 -196 
888 -240 528 500 137 185 -944 -320 366 156 -658 775 343 780 -31 660 991 -682 650 45 -596 -343 -612 462 65 852 550 915 430 806 -316 -200 -484 
670 139 983 -863 560 904 20 638 980 512 -128 -210 435 936 640 490 256 504 0 -712 296 -240 96 30 924 466 -350 576 0 176 446 657 -110 
-890 140 648 896 816 35 160 -168 800 456 274 219 460 129 796 280 -740 -200 364 105 276 800 285 636 806 903 175 857 572 872 360 882 384 
917 -77 992 952 -125 -950 -556 -460 -661 302 -860 617 76 456 61 152 -728 616 35 178 420 384 571 776 860 550 906 -693 872 -100 -55 -600 419 
656 -876 -930 160 -696 -676 -67 36 533 -660 -873 -600 -936 302 10 326 -541 -266 -384 942 -577 157 404 122 735 -768 704 215 500 900 656 200 484 
-168 301 548 580 458 252 378 350 993 874 -664 956 600 868 40 716 264 625 573 758 984 140 197 -610 -888 834 -211 360 -24 236 -430 120 742 
