33
-550 586 973 500 436 948 832 792 42 365 730 -922 326 375 243 -356 277 387 -210 -818 328 -993 544 760 900 770 825 700 55 -385 133 -584 287 
600 8 680 -600 600 945 864 -672 514 -844 343 136 446 560 -550 129 220 968 -638 0 816 -864 180 29 -640 544 -609 -750 664 760 824 902 720 
-320 912 -56 343 80 594 -908 -825 -244 789 692 352 488 600 894 -204 614 653 160 634 448 248 660 840 540 976 -408 870 750 760 744 582 58 
160 700 -856 114 704 356 481 100 110 -956 -745 -717 758 452 950 400 936 930 816 556 867 -593 -503 663 150 724 890 996 621 281 197 992 928 
-527 890 264 -470 924 237 762 -540 -779 -300 760 800 656 126 750 -100 121 756 190 824 -188 545 320 320 -150 776 -615 538 320 650 -610 54 258 
-50 -484 884 502 -506 10 580 653 840 -400 482 428 -405 240 -656 -822 -133 800 767 -37 8 290 560 662 842 440 750 814 487 754 688 912 252 
-239 684 50 9 356 392 590 56 -376 -29 -88 -444 143 954 650 760 -825 296 20 60 292 -120 600 437 900 -243 -296 476 -424 144 -368 632 850 
-350 622 378 230 105 928 776 520 -863 770 740 -506 176 -343 436 -35 515 -881 659 760 -688 107 -575 -798 -448 992 504 750 -648 -717 -12 931 480 
654 458 968 335 736 125 492 880 765 44 265 308 543 564 264 0 300 409 774 -836 552 118 0 -653 531 217 101 860 267 -854 255 270 364 
790 846 588 199 500 -2 317 225 -704 560 822 204 -640 240 679 253 440 932 972 -540 820 -200 848 -248 -906 -521 -528 -695 -386 975 2 504 -920 
952 66 -248 -644 -75 110 -780 -448 270 362 -148 -885 182 294 980 0 512 581 336 -876 96 864 882 188 530 800 625 175 391 788 256 278 740 
440 20 896 880 896 -730 530 633 35 216 966 302 171 60 687 557 416 -461 -724 200 898 17 -101 312 -96 974 856 790 624 200 858 912 881 
584 64 -454 169 -156 916 212 544 580 394 -302 40 -292 -529 935 800 410 81 656 160 560 296 -271 392 -408 407 44 504 -882 346 536 -600 196 
283 41 912 272 -780 375 648 420 498 149 996 646 464 732 570 945 95 80 -745 500 -14 396 -600 894 -400 330 667 -14 232 252 624 515 583 
449 326 906 131 237 957 580 596 898 46 -628 748 168 784 972 -628 888 519 574 135 -440 280 343 466 -336 785 770 144 760 -488 124 938 980 
110 -644 82 -648 90 -992 249 808 708 204 595 333 808 848 66 260 -539 556 -886 674 592 808 901 -929 -584 394 -538 590 392 116 -740 824 -884 
461 230 706 -846 140 664 342 200 -652 16 680 135 579 86 500 54 -130 969 880 493 34 113 900 540 280 -440 165 725 -656 645 787 -102 -393 
174 436 0 552 624 148 892 158 104 -411 -348 268 946 82 948 394 -444 94 900 864 737 477 791 100 80 308 -579 -750 510 382 904 739 536 
408 212 -229 700 664 28 500 16 -109 995 786 150 -616 540 532 960 552 550 -240 382 868 -337 -372 8 249 268 600 936 476 598 624 636 247 
270 -936 -80 -304 20 44 454 -664 678 16 487 337 822 -665 -880 533 104 76 894 688 256 -540 250 722 -190 119 72 772 414 512 630 120 248 
681 -201 837 984 308 -808 -44 678 -248 796 -256 48 600 402 -880 -230 -144 112 550 820 910 272 589 150 581 804 -924 787 132 530 434 476 892 
520 575 210 278 949 -543 305 400 -60 0 169 946 -580 -896 240 740 27 -248 386 786 775 612 162 72 297 135 510 288 375 400 368 -456 278 
460 988 332 131 -120 692 -362 990 840 48 916 395 -415 -385 656 -328 280 60 654 -48 -530 708 370 500 456 849 446 576 -40 663 675 432 376 
26 380 -640 -188 77 63 736 -480 306 680 -231 940 -124 29 212 928 944 46 335 -370 320 -610 890 940 -980 205 168 856 750 628 872 -80 984 
748 664 -380 -750 968 -450 660 -595 0 556 684 -908 -216 824 272 370 220 -464 310 179 844 -175 -457 -960 128 295 214 938 750 765 -742 102 694 
-765 -350 670 222 -398 869 412 536 564 844 -968 691 680 126 476 448 950 919 376 100 435 -580 517 575 238 -860 -861 220 728 676 842 156 527 
-782 906 670 140 784 806 -846 925 930 -700 113 420 458 390 80 504 -848 -129 310 28 -234 912 518 17 384 -980 -945 12 398 646 652 276 -702 
-208 -470 808 -250 168 457 528 802 -32 580 -464 170 -950 0 -140 -967 415 104 440 -128 332 52 692 128 544 696 72 -320 707 116 584 -488 760 
737 -370 376 432 666 792 394 933 194 -900 257 840 410 350 228 -120 664 229 322 778 684 370 800 216 390 -918 396 810 550 866 -425 396 -673 
410 794 312 -479 665 -281 -992 425 208 180 310 454 662 970 456 615 452 520 -480 -912 0 8 -118 -582 -157 -200 715 876 364 -491 530 -250 914 
567 -746 850 808 -738 390 155 771 -589 -190 -490 -518 -792 96 -10 -662 636 952 664 388 -396 -148 752 654 888 88 580 244 -272 918 600 960 201 
965 420 324 -488 880 204 960 -836 892 -194 612 -84 -490 -930 700 -559 840 -701 488 527 892 334 630 222 3 188 198 -480 202 239 500 610 -756 
198 -715 167 419 461 395 778 716 800 746 888 282 86 72 840 310 304 -312 538 730 230 810 90 488 46 268 -657 520 10 -296 815 444 640 
