1000 78 9
401 801 856
403 617 421
493 909 771
877 773 717
531 765 789
49 793 193
433 793 230
39 33 167
851 751 721
315 250 371
297 867 291
841 352 233
255 993 415
741 1 496
461 613 414
967 906 801
681 201 861
111 139 105
713 179 1
728 681 784
345 769 909
341 145 57
33 5 899
471 278 353
567 241 534
524 673 507
95 385 674
697 761 296
988 431 905
849 65 117
31 771 361
583 681 701
792 571 181
651 741 621
689 55 500
16 41 255
867 609 807
631 535 169
833 873 637
498 694 905
369 213 748
454 745 144
87 898 687
647 811 541
584 861 862
181 901 806
465 153 201
848 809 340
473 327 441
891 79 213
931 319 226
784 773 679
59 431 466
281 44 301
206 383 941
564 232 241
521 429 895
128 746 244
129 237 311
785 267 53
297 471 85
409 841 651
1 297 721
409 511 29
521 701 105
435 226 517
651 89 513
571 321 935
141 444 777
135 461 881
831 437 429
25 871 585
639 531 589
590 868 380
411 525 803
528 617 291
678 382 331
399 496 935
939 585 26
1 288 415
488 683 179
741 189 417
559 561 547
901 828 117
203 355 45
481 483 195
701 125 289
388 817 427
53 213 1
905 968 1
76 901 761
983 11 376
921 585 75
737 251 921
4 931 411
858 596 64
377 565 221
9 239 497
825 806 649
478 565 529
766 833 415
626 513 806
659 269 448
9 417 684
848 862 276
861 617 326
450 531 409
599 741 853
801 431 579
969 201 93
114 121 662
133 145 553
226 937 481
342 843 621
416 218 345
281 67 137
146 613 126
184 871 271
626 401 761
608 284 789
496 435 782
157 417 225
341 573 208
700 60 193
211 17 256
657 524 604
821 138 671
851 891 251
81 52 196
160 201 207
75 993 539
361 185 446
65 57 1
427 916 834
674 831 105
465 581 571
41 740 701
681 993 505
867 873 496
646 233 425
817 413 713
274 353 130
603 101 113
271 681 901
345 621 547
51 503 962
951 676 360
333 401 610
275 724 123
359 491 694
386 53 657
331 407 958
451 288 817
101 431 376
707 926 269
601 347 744
157 241 921
741 358 349
809 129 957
842 962 648
653 607 886
47 247 801
40 211 737
334 105 513
537 805 313
89 301 571
341 768 331
581 69 785
399 442 317
79 575 636
134 819 893
49 202 532
284 711 119
449 886 930
201 657 991
105 23 752
383 601 617
133 973 333
229 785 288
305 401 321
527 252 801
169 562 194
351 121 713
502 105 917
426 766 361
236 96 891
294 845 185
661 931 836
901 271 753
321 844 441
961 415 1
296 920 701
974 281 28
831 809 421
955 453 169
641 831 305
285 421 721
301 417 756
333 481 501
376 321 355
461 949 807
746 132 1
521 184 929
451 247 248
991 92 916
3 367 939
113 89 801
531 901 190
991 921 97
235 727 972
225 411 661
801 933 9
545 92 417
121 811 176
321 952 950
270 305 301
692 755 5
927 257 178
880 705 381
225 873 757
855 723 877
791 409 206
758 133 565
621 657 41
219 422 329
757 340 908
313 615 979
481 116 731
787 166 403
147 215 473
787 1 743
447 77 501
368 519 25
460 935 325
281 801 125
46 337 633
977 643 261
161 51 229
535 450 298
981 775 243
116 151 785
161 99 742
181 989 270
473 813 747
785 299 543
867 143 635
275 41 525
286 384 505
81 676 783
813 886 17
801 1 978
517 459 745
783 735 585
809 191 153
903 881 938
11 871 797
84 889 786
772 1 770
321 90 179
901 533 57
393 743 226
121 70 916
777 266 990
449 737 621
269 773 283
61 511 967
369 145 265
266 657 394
823 425 937
831 269 541
580 539 626
393 183 677
58 911 889
417 549 673
876 281 389
409 324 557
829 533 391
515 675 957
592 49 608
857 661 76
148 793 563
797 101 377
768 194 955
541 238 477
968 537 44
171 421 867
124 373 191
940 643 837
317 93 955
356 551 501
951 153 925
117 695 821
265 419 321
683 206 360
475 411 51
215 828 709
557 873 961
201 710 369
601 726 661
564 995 256
595 886 135
629 143 51
811 748 801
471 51 593
301 890 885
489 649 30
549 740 951
913 748 406
188 27 942
273 75 838
705 561 881
536 1 525
849 349 465
933 185 365
281 395 647
319 964 266
855 440 582
929 621 338
587 49 181
582 883 273
909 558 431
991 131 499
939 621 826
951 359 520
111 297 495
187 623 487
232 537 737
111 531 937
573 475 341
921 150 735
653 771 345
721 553 46
671 247 668
829 731 201
741 636 681
156 639 598
532 221 313
97 463 749
218 321 961
701 931 293
463 565 559
825 761 396
823 685 67
675 219 617
729 611 987
321 492 719
321 81 721
301 726 420
751 59 311
1 321 661
539 9 561
854 945 410
177 266 343
89 385 45
363 801 205
425 729 786
595 984 3
379 803 232
461 247 353
477 941 28
49 401 580
826 361 392
67 193 397
461 881 121
217 789 653
432 921 869
751 480 754
293 273 9
703 747 868
778 657 721
163 530 206
501 717 787
828 165 43
821 149 8
676 893 483
282 429 1
61 257 56
457 741 733
913 669 177
886 510 841
950 625 677
877 187 961
906 678 633
88 357 187
446 609 661
551 412 350
801 725 176
45 597 37
999 945 413
385 589 453
360 658 703
493 631 467
401 105 726
711 70 941
359 746 121
101 917 87
328 577 860
718 969 391
482 484 256
701 21 821
262 851 941
455 464 689
925 881 99
541 497 273
731 158 271
401 985 206
496 617 13
302 733 573
974 679 611
391 715 617
276 331 781
537 561 814
433 604 127
999 101 4
821 367 165
473 51 593
359 543 322
721 17 720
657 723 657
1000 238 730
574 18 951
651 126 49
273 707 585
369 192 358
521 466 827
551 649 331
201 515 5
971 551 975
729 283 145
145 479 541
421 999 192
201 819 614
227 449 895
81 607 412
286 613 438
757 36 276
521 991 983
594 701 371
351 126 361
666 976 926
792 208 104
533 976 481
897 351 737
267 193 214
177 709 633
12 273 545
51 336 935
497 487 948
97 729 113
480 169 508
625 921 476
798 705 292
977 39 505
807 494 782
282 55 17
391 991 308
506 98 849
172 147 841
967 48 686
383 617 432
361 66 581
294 913 993
551 290 761
596 453 327
649 345 156
302 602 874
249 561 633
138 753 537
823 341 901
551 441 601
477 155 439
974 853 695
241 444 468
352 121 143
809 281 411
321 958 419
5 629 577
871 849 413
851 259 825
805 175 461
946 566 835
65 509 828
415 792 187
102 368 398
49 469 59
563 317 881
81 329 381
122 887 77
497 673 197
447 728 985
856 251 361
953 243 330
869 87 149
892 977 161
591 785 886
947 705 974
73 986 132
829 339 157
193 986 871
17 276 361
529 579 831
481 905 883
727 641 692
574 471 905
540 19 381
902 511 663
869 105 991
130 861 381
465 477 597
353 416 601
930 743 113
161 476 436
577 401 6
421 233 843
881 618 77
659 375 104
337 195 483
787 222 161
721 545 551
385 696 377
117 585 523
175 501 115
801 217 665
751 245 517
35 990 817
839 761 178
981 281 505
501 110 585
456 531 909
605 31 692
261 39 133
241 687 634
996 674 437
521 840 391
761 743 835
781 1 38
369 507 9
19 433 397
889 144 61
885 841 321
185 662 601
829 677 791
547 385 339
224 413 213
279 932 929
951 637 566
561 938 341
196 989 121
593 766 941
967 306 141
366 771 255
200 811 467
323 337 161
501 645 795
846 472 977
985 118 42
969 234 151
739 145 500
697 487 821
171 698 935
263 966 591
781 221 345
985 630 31
295 529 663
921 320 387
628 287 321
826 870 549
124 1 983
820 855 738
778 788 229
567 381 129
441 665 840
57 482 620
497 436 504
879 898 45
157 678 631
1 837 350
155 459 41
221 899 824
995 656 89
734 737 639
589 170 809
455 354 864
243 402 21
257 323 751
489 209 689
88 176 669
226 568 641
276 942 545
393 203 389
911 507 625
945 10 211
483 86 237
785 365 845
119 613 493
881 26 115
419 245 311
547 655 503
27 813 111
149 905 217
253 850 741
405 536 2
568 966 144
835 625 657
303 188 161
952 120 432
729 843 241
357 279 343
453 670 745
186 817 222
425 744 734
975 141 625
414 353 785
326 705 31
795 451 901
905 994 138
131 953 533
946 839 13
319 563 366
32 108 927
931 63 446
201 106 641
52 935 121
550 817 753
280 941 43
49 180 739
822 262 252
424 741 406
943 689 137
427 809 7
941 179 213
552 325 199
641 597 21
313 881 431
555 626 777
577 173 209
852 142 256
829 228 241
874 272 159
631 763 921
801 394 996
593 71 21
588 381 321
29 868 41
985 186 549
981 997 904
846 527 285
711 774 861
276 485 883
538 704 476
441 965 786
676 455 416
936 59 766
289 103 529
614 814 500
181 504 924
59 895 181
225 759 416
511 30 623
505 431 301
409 370 835
80 761 801
219 298 557
291 519 473
94 9 281
598 550 916
887 54 601
684 377 51
668 752 257
35 561 817
71 875 809
123 695 497
567 495 876
98 983 105
556 1 103
449 322 361
231 816 667
981 289 793
360 401 79
810 998 601
642 672 530
256 427 79
210 516 6
33 530 651
112 99 427
318 193 925
109 201 701
144 623 184
723 527 230
916 315 789
25 708 313
880 127 478
776 577 802
473 745 359
174 563 753
371 515 265
921 847 941
137 185 618
355 205 601
419 372 354
989 453 828
397 491 869
847 387 438
48 62 993
338 792 573
919 740 991
41 957 701
25 2 501
159 316 899
529 921 361
376 760 881
152 41 597
749 682 268
251 54 377
311 433 930
499 395 549
271 176 991
314 501 51
229 198 821
961 197 247
686 301 825
72 147 953
680 297 93
496 519 551
223 719 385
957 552 745
501 735 801
513 786 786
833 733 121
220 144 885
783 430 665
122 68 769
886 7 909
479 398 43
742 137 129
355 648 793
37 939 463
389 226 885
835 620 89
343 51 346
782 6 67
894 485 449
876 702 441
516 585 555
34 242 386
849 231 425
430 865 494
863 509 855
117 253 675
601 750 75
987 841 521
830 631 736
516 915 126
875 633 171
309 629 895
349 13 301
467 710 86
959 601 211
927 693 28
387 799 825
304 561 146
570 79 21
473 85 37
835 569 837
557 912 157
817 546 701
289 883 577
49 178 694
439 241 759
896 531 673
293 378 551
474 492 926
757 921 514
21 754 171
612 393 469
691 355 697
107 979 933
513 277 702
423 369 766
364 109 501
883 43 153
144 182 522
246 233 296
316 851 377
96 559 521
184 703 723
441 616 851
28 351 261
755 601 695
20 535 32
764 890 904
627 837 921
468 657 541
881 767 986
101 272 105
213 523 789
706 1 101
943 660 255
445 957 172
537 498 91
346 441 351
649 50 293
481 520 771
310 391 651
392 955 983
406 876 291
142 206 981
689 164 316
51 979 973
268 621 385
998 126 785
697 796 886
327 264 109
203 350 359
908 790 491
23 115 315
328 866 814
15 442 961
779 715 953
834 761 809
411 667 741
75 586 185
185 330 659
345 544 761
91 401 156
235 614 277
860 480 710
777 606 876
508 709 31
335 329 381
499 379 225
663 781 601
446 882 479
826 924 597
308 325 537
6 128 141
770 972 255
47 962 31
809 348 861
531 884 597
207 777 497
307 501 709
261 29 477
434 881 366
470 623 88
616 538 233
25 780 501
201 74 231
934 939 249
900 911 966
275 794 422
849 624 72
486 571 149
785 914 206
531 420 257
34 184 270
123 518 725
700 841 661
528 800 609
167 601 601
736 196 773
571 716 261
104 301 239
522 491 831
619 696 347
161 168 681
910 906 161
300 145 830
396 929 556
761 462 523
638 995 411
941 332 463
554 318 841
150 490 471
576 105 111
660 632 185
730 761 57
258 521 901
652 837 17
972 377 28
801 963 643
669 14 591
756 187 831
840 214 296
838 609 21
668 431 691
24 754 204
571 296 791
411 714 441
703 83 321
835 443 881
722 421 583
233 136 688
448 481 335
292 654 470
216 145 737
281 690 551
749 961 41
343 818 693
108 929 153
777 22 663
744 762 561
333 907 1
629 956 729
400 631 345
230 457 489
954 395 26
635 956 989
212 951 257
4 888 937
455 923 985
836 354 56
257 526 845
414 64 845
864 402 237
634 270 773
418 265 953
699 449 701
254 407 691
650 706 689
207 944 741
688 637 793
47 428 339
783 808 991
56 841 931
575 654 758
815 879 1
25 578 842
587 244 745
279 404 674
57 287 221
137 610 949
136 672 1
100 172 505
769 827 685
881 802 333
119 408 927
309 140 219
37 223 397
534 949 598
217 572 715
790 501 161
851 832 341
204 676 553
57 664 785
921 344 946
921 162 772
585 8 531
271 872 301
333 878 601
312 277 4
363 982 1
928 17 48
617 560 827
512 877 31
857 82 855
755 500 582
720 275 381
38 673 684
190 455 569
261 78 281
904 709 752
626 978 711
171 42 921
377 542 391
458 865 915
51 600 246
248 109 304
824 279 305
380 106 306
406 732 876
233 992 329
561 807 517
351 918 201
640 746 697
452 542 717
960 971 103
199 222 509
325 362 521
573 438 361
712 829 871
738 438 857
91 980 551
280 240 205
514 249 705
411 922 709
390 1 419
441 804 161
276 410 217
490 374 201
812 401 553
622 799 749
863 154 475
341 948 126
211 859 630
583 970 229
548 173 313
411 644 551
260 451 97
