1000 849 2
649 637 389
251 469 327
407 109 867
431 105 118
53 377 535
51 941 521
506 695 751
604 1 17
666 261 1
802 35 939
409 701 161
927 921 534
681 761 300
128 144 801
553 500 561
853 825 893
201 457 857
330 141 101
717 68 750
600 737 191
585 926 653
681 751 46
571 337 368
587 475 901
71 181 561
273 904 609
458 301 201
611 848 386
17 916 297
993 177 457
424 540 129
765 81 593
66 6 525
158 901 961
80 385 993
601 752 251
849 151 211
211 3 176
441 660 933
456 481 601
937 861 361
403 291 118
367 721 171
391 401 126
97 331 836
177 526 5
251 15 945
61 261 952
361 173 91
491 801 821
854 721 505
861 601 417
281 925 625
199 771 63
793 123 403
475 534 201
1 751 926
981 693 307
115 501 723
937 332 217
801 469 721
217 701 253
454 913 97
867 601 12
656 104 891
301 743 947
161 365 421
963 333 481
742 526 187
145 109 982
274 582 249
289 132 387
371 876 655
709 985 371
583 982 961
816 801 809
205 577 181
850 351 959
673 721 451
921 105 17
583 444 376
62 569 989
249 230 669
415 973 51
853 275 557
19 751 311
445 268 825
457 801 197
849 647 577
961 475 837
905 513 931
1 457 103
621 30 717
520 841 249
124 461 251
69 962 626
552 773 145
668 743 32
201 172 5
703 733 371
308 401 837
775 913 201
847 225 881
493 357 1
532 902 60
1 522 953
317 306 177
109 200 846
441 129 213
214 308 501
41 360 825
411 308 353
719 697 31
311 853 299
797 26 172
880 998 429
12 117 337
861 293 193
476 15 909
961 319 885
76 965 751
704 715 613
895 33 191
456 157 21
769 226 301
349 334 129
3 201 1
451 937 89
911 561 678
179 297 572
297 937 528
855 283 301
497 68 69
633 267 528
575 516 152
121 3 266
653 47 166
511 224 864
214 809 245
389 665 121
945 77 285
761 461 12
191 961 601
903 601 45
651 633 246
636 813 551
553 581 407
591 207 465
651 625 846
849 185 193
865 503 667
822 283 754
224 800 761
919 343 528
601 536 583
246 72 417
765 537 461
251 241 109
380 426 520
18 501 916
848 767 188
733 524 45
41 162 171
74 729 142
942 649 901
545 923 404
131 651 874
100 185 297
229 837 354
761 733 175
492 751 551
803 715 130
273 537 405
349 951 261
585 449 577
541 709 751
561 601 701
200 714 325
301 209 977
742 511 609
48 401 523
301 945 837
609 171 897
981 97 912
169 866 676
111 565 176
627 617 449
721 833 811
561 625 205
264 49 233
601 441 501
305 949 45
173 734 689
691 581 411
690 334 9
867 390 641
19 69 769
341 321 557
881 830 82
621 991 179
101 765 63
881 308 351
778 998 621
956 453 309
169 377 126
768 857 121
729 985 953
351 803 905
713 573 411
121 233 435
153 343 65
417 546 104
751 969 829
96 679 576
433 225 979
233 921 454
853 193 301
9 344 511
181 868 601
725 311 817
849 181 264
421 751 51
455 924 823
901 713 633
494 185 891
881 126 721
768 177 537
276 721 401
397 522 531
905 941 891
724 483 821
286 665 755
195 821 736
473 415 101
892 133 907
946 539 1
871 346 674
165 786 731
625 817 881
666 849 126
893 403 15
321 437 789
1 441 545
777 391 322
172 71 593
995 527 401
239 833 361
506 521 391
26 943 93
381 528 901
766 757 802
876 5 699
821 9 218
705 661 605
181 92 743
481 177 777
971 423 748
242 587 301
899 250 681
445 405 673
857 68 439
281 207 921
356 696 96
956 172 885
97 191 113
601 316 317
956 80 130
934 968 395
213 676 893
511 568 145
145 217 449
841 445 713
326 365 903
577 777 833
81 875 785
409 185 1
963 521 95
81 377 351
541 110 825
103 949 125
805 34 258
309 475 817
824 281 9
984 330 881
769 491 979
841 594 71
731 1 393
661 166 806
862 901 298
853 781 817
181 386 906
100 370 501
203 753 901
656 381 923
397 23 791
6 666 941
817 516 493
313 915 341
24 47 197
73 881 343
365 202 571
301 550 922
271 336 557
81 294 259
641 618 867
853 737 321
749 513 861
660 807 778
621 33 641
901 304 57
999 201 969
185 349 424
287 415 51
801 808 462
81 181 165
221 133 377
224 93 916
671 315 601
585 179 364
725 969 261
111 26 577
57 81 49
811 837 310
310 891 765
753 509 737
747 176 911
718 831 553
793 420 49
517 681 345
944 416 425
501 457 778
892 889 521
567 148 174
361 676 712
405 185 401
171 497 494
309 426 161
61 933 159
993 49 170
940 743 283
289 45 501
737 521 281
926 72 1
313 709 889
57 901 631
462 868 633
410 205 105
817 845 266
417 57 629
856 204 225
651 411 636
576 556 191
115 551 677
309 721 209
1 51 391
261 591 476
406 477 531
729 722 241
491 665 321
550 925 770
2 998 517
725 753 416
265 103 697
101 359 925
270 957 722
241 479 444
197 681 954
568 594 946
91 557 113
793 251 996
631 989 581
578 386 455
682 513 521
922 742 655
41 338 51
105 107 886
639 89 976
62 631 436
935 425 329
501 534 149
807 623 636
282 873 935
441 236 907
641 465 473
337 521 256
222 803 965
833 318 711
221 172 221
571 435 865
27 201 206
925 125 783
577 375 241
190 281 107
673 351 741
921 329 519
527 753 901
864 747 501
143 34 565
779 626 593
916 605 751
635 487 293
806 784 431
680 633 901
735 224 536
991 536 685
361 307 271
561 113 251
713 103 751
825 495 933
920 1 681
361 526 726
291 38 837
401 533 111
428 1 391
633 220 393
343 579 281
435 804 606
138 669 369
610 616 500
975 959 297
393 686 297
529 394 373
609 88 201
219 802 477
661 341 653
549 936 556
520 677 237
474 917 337
813 508 545
41 393 874
257 151 364
849 776 809
576 371 319
847 341 753
253 474 293
475 335 619
470 145 737
926 320 563
453 691 796
569 137 817
551 729 647
321 689 241
73 844 15
488 513 427
131 343 464
621 899 79
557 147 773
837 165 891
915 973 561
841 438 162
17 407 992
865 275 129
211 976 558
190 557 685
253 601 631
801 954 865
611 424 171
201 67 171
823 719 971
914 619 22
793 341 209
489 797 921
341 310 68
821 579 747
787 61 431
117 373 581
595 366 473
381 17 811
331 65 621
372 141 480
699 763 673
530 943 809
761 346 676
625 496 639
553 694 99
156 271 11
34 4 317
566 53 501
745 444 985
549 233 147
529 471 261
986 795 489
477 109 256
177 95 973
641 671 457
369 719 771
521 170 749
331 141 363
322 465 545
311 228 5
865 829 156
445 284 478
833 85 619
749 249 93
363 521 821
461 873 603
501 974 410
951 938 623
359 827 275
985 906 851
417 946 49
689 565 21
41 813 375
368 217 593
617 831 781
181 63 393
11 156 612
977 901 851
152 431 248
799 57 312
435 663 711
46 489 295
326 965 753
736 477 707
562 773 2
312 687 256
569 82 959
16 462 931
433 929 709
591 436 375
67 805 701
883 356 59
963 636 661
641 389 530
301 983 804
1 657 729
902 905 101
901 687 671
292 563 641
901 136 571
843 501 657
69 923 91
167 146 635
760 1 451
886 854 412
953 905 577
31 793 398
807 408 977
696 969 126
822 25 357
885 631 791
345 269 698
216 9 741
345 374 651
533 446 53
35 431 351
782 29 129
113 543 101
597 509 626
164 974 321
876 665 678
387 41 887
611 803 166
59 71 439
939 937 801
204 176 325
361 960 341
496 796 176
305 887 121
514 146 935
911 414 433
882 828 106
249 373 41
536 592 168
181 255 95
627 228 13
271 221 201
309 212 529
814 593 907
809 159 897
352 182 967
678 197 865
581 28 952
13 533 113
672 187 961
632 1 937
802 119 720
957 546 946
859 465 439
771 757 909
15 608 21
493 681 587
913 471 911
619 611 824
675 177 25
869 319 965
97 325 747
699 147 83
561 525 592
451 723 385
273 603 214
134 869 664
260 79 91
783 959 731
811 971 377
791 177 666
247 201 332
758 357 705
79 241 776
650 923 959
745 951 520
205 897 694
978 852 991
569 64 733
155 601 393
287 274 707
631 119 748
595 440 501
193 376 134
286 757 782
51 724 241
881 439 881
741 597 211
127 169 637
543 485 741
900 89 305
266 777 794
101 836 899
214 564 296
450 617 971
577 21 841
419 861 987
178 521 801
105 243 329
595 118 416
352 393 567
871 684 279
789 223 41
471 921 947
759 724 282
609 468 921
173 773 767
301 464 1
374 493 357
317 176 258
842 267 411
953 434 997
881 864 57
227 296 63
141 510 961
49 42 145
819 190 359
135 953 676
691 22 69
455 46 777
875 383 823
931 726 1
273 593 837
531 485 576
449 486 985
950 724 681
459 451 396
595 98 178
586 203 501
955 781 375
164 161 35
750 38 469
431 839 83
94 528 693
865 163 851
262 265 833
711 485 954
855 71 117
323 961 107
560 41 371
507 879 364
907 385 849
897 888 341
453 342 216
793 210 101
639 251 625
950 738 507
369 746 169
719 945 887
701 256 311
815 591 441
812 141 887
427 717 545
240 123 266
791 555 995
823 339 908
599 562 906
918 233 983
176 626 449
910 961 677
559 921 381
948 437 795
514 607 76
649 762 221
624 462 151
646 281 801
341 979 785
505 470 991
51 606 56
931 989 741
670 577 701
896 193 109
687 645 785
88 142 951
47 430 501
329 463 35
206 817 985
740 452 502
965 877 661
598 541 485
590 435 644
762 193 781
487 945 497
387 786 937
741 498 838
657 634 135
221 523 862
501 514 796
814 364 129
41 227 411
908 827 1
47 591 589
801 589 217
69 685 701
11 38 1000
601 87 369
149 391 281
895 672 266
90 840 281
584 285 979
968 476 811
851 197 701
231 341 553
745 60 361
680 392 37
774 621 211
687 728 746
54 721 189
215 948 821
715 806 396
49 567 281
442 464 319
166 285 916
489 987 777
121 655 929
302 382 785
547 474 814
890 549 81
609 192 84
674 361 833
52 113 881
785 19 651
545 289 527
99 799 841
906 986 145
253 640 843
780 791 91
9 679 893
615 169 273
798 501 989
44 406 144
501 447 367
241 630 529
519 384 256
853 366 526
37 10 473
622 318 221
480 651 659
778 627 681
701 180 905
329 429 889
667 202 301
978 451 713
638 211 394
55 501 335
389 614 441
669 732 184
113 29 595
706 169 645
558 198 657
225 700 337
977 518 586
1 669 389
951 263 347
40 650 711
481 909 914
515 125 626
574 413 125
947 851 529
770 539 41
831 188 913
19 443 133
879 713 497
826 617 81
956 930 201
478 615 726
295 567 866
277 205 761
777 384 334
70 982 519
58 457 867
452 306 912
183 601 717
115 860 741
885 245 959
859 472 416
595 398 986
658 901 579
83 973 116
644 441 617
137 412 463
720 551 481
997 562 525
291 835 950
649 484 121
318 382 572
137 425 749
511 642 306
764 191 101
653 708 576
160 705 26
716 609 601
794 381 801
201 328 58
292 889 491
581 139 357
244 956 542
567 739 37
299 57 921
194 601 987
629 761 189
747 288 967
747 116 411
683 601 421
65 237 313
777 688 407
572 253 87
894 4 47
681 628 341
186 109 157
538 941 705
788 789 270
597 820 337
512 441 881
272 377 524
31 84 789
755 11 233
721 254 101
596 532 49
881 932 390
542 609 489
884 871 578
278 73 815
290 234 301
253 958 392
863 813 649
165 347 467
535 569 107
882 181 16
218 941 33
144 764 41
102 141 913
400 551 129
513 612 295
248 537 729
395 911 505
957 175 451
789 736 338
838 761 893
49 7 487
756 419 692
273 314 972
681 39 108
643 965 713
261 466 937
616 321 615
955 966 961
489 43 526
832 193 597
391 980 141
732 388 945
257 504 851
354 810 770
353 889 863
651 898 385
772 895 716
359 548 105
300 232 834
652 673 463
358 577 489
49 818 317
588 257 321
981 122 835
754 119 117
463 416 507
376 112 685
866 300 561
685 878 841
201 727 491
172 198 16
373 840 609
401 874 690
106 656 192
306 482 513
37 889 533
972 569 262
253 959 461
954 996 21
75 988 801
858 421 764
231 120 356
51 413 581
986 20 267
174 631 670
140 361 787
747 870 785
885 324 881
460 797 139
620 229 549
602 989 961
184 287 291
348 893 741
14 758 907
713 235 831
233 303 41
721 290 631
252 273 990
682 75 723
86 845 361
381 648 793
201 810 569
422 956 1
751 56 681
448 969 261
846 801 809
239 196 74
886 432 669
465 967 421
418 269 793
108 777 335
662 625 561
396 595 278
208 33 149
972 707 833
917 964 41
51 994 126
50 447 770
362 937 703
117 490 201
279 149 938
280 511 435
613 921 985
78 157 81
958 659 874
502 556 891
645 258 502
792 926 295
702 621 921
521 664 56
821 378 13
376 748 137
556 698 547
467 273 833
81 570 441
36 496 167
1000 433 569
355 841 403
970 436 894
259 545 591
466 404 999
658 114 803
350 206 64
952 401 195
928 711 962
481 912 81
8 132 540
881 298 981
289 710 831
340 451 270
399 217 757
159 790 503
992 617 913
499 450 65
493 872 415
654 742 33
1 402 700
125 379 52
11 834 761
621 189 151
327 465 872
130 714 241
556 238 857
744 213 229
580 221 785
154 521 399
712 520 70
990 801 908
825 692 361
982 544 495
150 22 472
168 396 241
417 730 850
32 513 356
554 671 509
