1000 614 10
533 366 801
283 666 429
980 917 118
227 821 826
200 95 657
153 177 409
339 215 650
967 431 833
492 174 582
847 543 161
759 582 845
316 292 84
653 785 129
791 555 961
237 796 955
294 491 251
305 865 653
947 991 865
805 845 236
713 611 370
549 915 265
779 629 19
668 742 209
494 516 381
658 506 286
473 25 491
834 430 421
76 757 15
996 26 401
939 75 375
85 100 645
523 541 783
973 493 401
602 842 301
243 839 53
6 118 460
485 853 803
332 620 201
530 409 49
416 8 507
560 260 407
213 63 874
706 400 710
876 209 470
538 721 65
733 780 779
507 661 269
837 367 865
875 391 965
451 315 601
183 346 865
476 584 971
705 399 741
94 586 646
876 810 85
595 562 401
984 876 965
391 907 314
156 117 889
356 790 758
218 699 561
910 164 975
43 944 201
160 152 276
309 461 941
822 815 333
566 550 620
326 75 563
214 563 717
1000 306 921
996 333 889
107 743 59
712 262 273
454 18 495
451 529 211
515 15 1
612 681 356
949 670 923
870 607 709
884 170 489
336 235 671
291 447 225
276 525 785
738 686 311
107 36 451
821 450 207
647 414 411
300 878 811
267 510 131
622 625 601
236 509 201
667 416 960
418 434 505
614 796 373
918 242 161
728 806 437
564 726 756
692 180 171
486 84 521
216 596 544
983 38 597
810 436 437
442 353 766
191 54 362
468 139 753
113 493 221
456 155 833
891 761 842
681 691 685
794 727 95
720 881 169
299 799 557
198 482 361
132 219 591
640 295 833
689 446 825
696 957 1
133 104 441
118 444 441
866 229 761
102 272 59
112 755 999
357 837 989
718 130 801
752 459 421
897 556 131
17 776 209
488 761 226
838 206 301
975 573 514
528 86 183
463 5 401
389 179 205
122 246 397
856 575 876
65 232 521
843 194 974
844 374 129
534 486 227
424 741 636
616 982 61
304 829 781
39 532 971
887 437 699
798 618 105
608 565 915
579 473 931
370 153 636
369 967 257
670 102 305
883 409 9
910 278 501
280 607 741
818 838 927
684 922 441
481 716 496
974 412 893
453 671 716
435 535 13
582 282 817
583 946 561
119 323 337
95 351 791
358 504 688
501 426 59
553 368 752
193 799 927
195 192 929
73 484 537
531 921 247
237 50 753
322 718 203
707 260 918
144 57 117
44 826 411
714 269 245
605 536 383
372 238 136
712 3 599
98 188 213
376 375 723
685 803 441
511 839 66
165 353 921
437 175 465
129 386 417
777 327 331
674 479 742
35 751 501
677 449 261
764 241 489
49 555 390
999 252 129
736 106 827
773 956 157
725 308 589
752 148 545
207 248 430
587 273 739
62 659 225
584 805 913
855 329 701
716 93 575
592 865 831
731 230 841
657 723 397
680 893 510
173 625 277
138 86 677
719 387 792
577 901 201
743 340 991
208 784 541
611 302 848
80 279 541
492 760 99
34 50 353
199 739 33
249 135 71
445 869 291
734 422 809
508 216 520
401 561 853
270 444 485
397 589 501
606 189 661
60 899 46
590 290 417
62 372 281
378 995 801
383 23 983
710 973 219
686 971 265
962 297 876
937 708 915
84 522 143
963 331 571
722 513 440
911 150 241
628 16 90
832 395 425
464 721 181
638 334 435
523 993 952
932 888 353
182 116 889
301 865 801
46 751 186
891 427 529
148 977 785
321 521 546
586 486 539
602 862 33
42 873 281
701 15 334
890 620 37
905 132 878
926 392 949
515 953 727
394 74 603
899 39 29
205 933 648
724 12 407
702 349 339
447 513 479
274 330 985
551 204 613
747 13 992
49 445 241
770 296 224
178 868 157
259 824 184
580 348 249
966 687 670
190 115 735
887 735 165
52 10 542
323 808 782
775 725 728
89 781 363
379 423 399
20 567 801
417 866 566
94 974 531
768 188 665
881 30 923
76 105 191
680 325 421
284 247 507
48 97 884
540 250 741
574 78 405
785 831 327
312 591 401
149 230 879
798 668 290
233 222 647
157 631 787
225 320 376
833 945 705
331 354 92
363 371 939
211 814 9
126 856 446
43 616 383
639 196 713
340 336 501
429 301 881
284 317 105
893 696 579
878 68 1
183 715 531
109 847 621
157 11 369
553 807 501
877 964 706
930 125 601
862 404 595
870 428 920
106 150 33
813 472 501
133 957 61
623 293 873
296 777 706
480 255 336
251 851 803
789 711 581
978 792 381
470 136 561
934 841 371
58 417 601
387 943 26
356 554 301
890 128 296
773 682 321
37 374 419
338 306 105
676 403 658
405 688 161
71 609 468
578 410 136
931 673 596
114 246 445
932 286 626
776 265 357
757 161 665
901 637 163
695 749 773
162 596 469
465 745 981
349 849 761
929 684 1
886 904 56
972 234 197
828 537 297
126 490 33
68 419 335
252 83 554
287 121 658
395 735 425
679 16 180
793 608 489
756 552 737
460 212 649
621 635 291
223 717 1
953 127 441
931 377 527
433 179 609
787 224 366
961 992 171
381 23 507
527 295 677
262 499 369
385 851 815
431 455 673
632 1 161
14 790 761
233 949 189
741 407 541
208 920 297
337 841 935
793 585 421
765 119 421
771 229 466
578 649 205
619 523 339
393 221 73
462 702 303
994 33 545
662 161 611
412 440 728
938 695 587
987 682 385
553 710 61
874 881 649
846 458 498
721 217 289
82 523 533
634 1000 506
9 985 589
846 285 451
709 923 365
91 737 851
637 433 833
327 190 143
525 855 954
87 452 172
239 633 56
318 998 392
527 999 289
991 131 373
888 623 841
420 28 709
72 843 757
955 748 417
925 590 341
662 895 122
627 408 937
59 145 571
997 257 993
497 363 872
345 745 696
600 292 724
456 256 593
170 89 185
795 383 733
853 181 141
357 64 91
304 694 961
913 677 166
405 981 819
665 353 697
332 836 256
189 41 137
563 842 43
828 495 257
176 27 622
60 348 751
932 140 33
925 564 759
462 519 696
542 79 689
727 312 442
533 176 529
61 755 876
508 12 577
571 994 140
177 807 186
648 675 28
615 986 221
234 654 101
651 633 897
249 651 625
785 802 483
200 432 789
775 817 161
750 979 297
593 199 738
277 167 680
908 778 581
831 449 13
441 786 161
797 935 181
66 254 868
644 378 206
909 147 117
278 750 609
352 661 103
511 92 180
61 531 437
401 572 789
90 298 60
477 956 299
571 401 609
978 636 925
217 997 995
907 97 490
424 675 971
683 259 858
367 628 171
372 630 78
466 601 289
435 245 441
983 544 367
867 11 736
34 484 711
491 872 351
243 869 433
990 32 381
114 989 918
489 545 41
381 722 605
550 600 685
123 681 983
299 861 801
472 875 553
138 659 976
816 758 757
453 664 309
742 69 348
18 626 983
577 916 918
131 111 803
848 318 649
920 830 171
143 146 966
921 673 755
7 707 751
966 369 975
651 652 777
613 747 835
548 141 681
944 788 593
194 258 813
319 816 717
128 214 629
954 945 471
154 936 616
601 981 305
80 943 305
979 774 169
622 656 29
914 852 655
379 897 189
448 380 498
928 963 753
987 158 217
413 142 251
770 941 351
947 56 257
970 335 249
597 222 311
699 629 989
961 197 449
258 976 737
74 55 204
604 317 858
558 440 69
650 105 408
832 342 746
343 349 131
672 823 31
239 969 801
892 166 59
641 902 595
591 823 626
746 594 907
581 512 655
439 160 899
870 142 181
40 13 321
717 756 211
269 77 851
929 342 669
130 843 363
180 167 137
514 83 641
77 314 748
192 674 165
331 605 444
99 894 521
101 47 617
182 2 159
971 763 859
889 66 59
376 678 849
879 881 453
127 302 981
53 504 935
209 273 411
347 822 263
927 542 921
266 236 946
319 526 890
277 631 953
288 289 501
413 804 189
210 573 653
545 266 904
645 185 958
643 78 501
432 33 953
8 955 737
942 953 854
517 24 477
112 297 792
290 346 387
968 529 291
569 51 792
753 87 412
903 399 337
365 645 584
144 819 725
328 950 317
286 520 837
352 392 730
173 732 436
421 450 816
568 852 424
211 476 262
21 952 901
483 434 49
358 748 41
549 760 263
917 528 67
469 627 297
626 202 140
859 883 220
88 496 951
111 104 652
610 885 301
253 786 207
202 263 205
241 309 151
575 559 881
37 765 519
701 882 983
845 113 485
762 783 931
518 53 223
56 419 307
739 26 829
503 613 182
474 482 201
250 494 873
73 281 490
536 704 645
672 117 617
524 601 858
569 81 913
1 163 185
48 487 87
690 221 415
90 909 717
814 403 71
740 804 885
594 224 351
624 275 521
597 477 251
206 471 761
344 610 925
680 744 281
339 314 262
858 972 790
329 560 257
655 184 50
300 864 634
958 103 161
155 361 233
135 498 596
729 313 106
604 326 876
467 364 736
698 803 3
547 506 449
205 120 671
518 468 501
643 143 107
276 175 297
98 195 109
857 570 465
129 660 261
771 766 381
689 370 596
427 213 591
489 109 746
703 937 25
44 267 44
788 438 657
31 588 691
394 825 617
895 882 381
502 880 631
27 70 321
63 481 447
71 639 675
10 166 56
474 186 273
565 241 601
410 151 567
100 420 111
152 310 401
844 835 761
409 264 991
454 835 181
693 510 869
849 487 285
903 965 478
940 257 760
654 186 986
714 913 607
227 478 266
178 815 408
158 898 143
134 857 746
900 24 947
2 20 77
880 854 557
271 800 41
5 105 796
25 172 753
811 203 751
388 143 847
685 729 196
951 772 761
122 692 852
663 906 47
501 466 165
660 197 473
243 228 817
181 220 659
347 980 421
937 850 75
801 535 905
603 740 350
120 497 888
247 146 127
3 256 979
254 463 781
275 441 695
780 328 761
993 172 817
360 81 207
990 734 177
965 817 425
683 496 473
187 375 658
149 896 901
459 960 101
546 730 159
871 443 25
819 561 471
728 505 513
22 552 269
219 285 371
425 859 909
834 268 987
638 467 776
861 795 419
57 275 931
295 649 49
272 270 707
287 783 896
519 697 979
911 303 425
860 747 593
335 782 29
603 162 25
694 818 541
703 203 905
245 174 301
938 935 566
827 29 201
928 201 290
124 970 605
235 438 867
791 373 841
713 812 867
42 421 677
311 21 241
282 36 853
253 647 481
171 232 777
621 171 447
941 215 289
918 763 249
446 351 104
141 985 200
858 402 196
355 320 745
836 223 17
248 263 833
380 642 551
568 719 774
646 679 903
355 439 17
124 922 453
848 55 875
666 362 981
191 598 945
731 711 575
408 307 617
41 503 892
360 498 961
676 315 661
768 350 953
110 767 337
825 824 417
864 840 601
872 809 637
184 396 366
411 871 172
198 334 759
168 690 301
708 35 409
517 566 501
976 22 601
551 99 805
121 201 517
400 7 201
338 371 439
636 471 243
311 857 13
522 820 987
507 794 375
617 609 986
687 902 418
505 642 931
384 409 777
244 226 151
308 754 322
169 271 513
634 904 625
28 678 829
305 940 965
806 614 741
6 418 153
51 204 600
166 108 593
737 809 121
779 789 938
968 762 776
879 588 757
933 159 45
581 986 289
404 330 503
344 38 479
557 583 993
47 393 809
341 136 553
639 92 511
490 423 535
766 713 332
989 500 426
488 536 57
313 321 321
159 664 441
595 952 697
337 455 98
441 4 81
293 863 21
868 108 457
697 706 913
606 475 377
398 988 91
1 585 661
322 532 235
281 915 439
110 781 969
829 139 541
526 642 187
516 500 997
975 808 263
514 894 992
244 908 141
969 185 501
470 458 796
889 397 745
125 772 941
778 936 438
769 303 546
265 461 937
733 547 6
52 774 747
390 335 173
988 361 431
366 191 751
406 644 101
163 916 226
691 31 893
617 220 1
289 801 91
598 499 801
168 443 860
64 951 7
803 811 31
912 365 773
567 854 107
324 530 791
813 69 567
641 557 966
156 539 510
665 964 944
422 520 125
784 238 957
79 753 257
877 537 933
65 345 401
495 377 703
147 873 309
29 541 671
700 348 633
573 19 51
59 574 781
863 382 127
19 225 605
576 226 771
45 539 865
308 70 548
14 724 171
509 705 676
212 800 144
398 193 25
310 715 560
274 820 985
923 465 664
425 17 246
960 469 613
948 382 49
151 656 410
730 207 850
749 543 201
115 373 165
884 298 77
658 242 873
316 896 664
231 359 345
906 746 911
995 792 489
362 479 537
502 164 949
559 436 241
364 396 251
145 415 783
414 333 342
460 562 951
169 576 609
723 946 66
959 430 548
45 787 685
291 758 445
485 570 825
826 187 473
280 279 812
307 268 48
261 341 225
726 415 971
833 385 201
116 914 713
475 58 641
231 96 189
538 657 28
769 635 447
261 581 751
103 959 67
480 558 663
629 599 101
741 457 651
540 452 337
101 530 150
593 961 230
948 402 12
96 325 19
669 612 207
885 867 403
556 173 270
939 618 648
67 797 409
841 579 441
930 137 561
40 411 807
429 426 825
667 483 241
32 283 716
589 736 863
350 580 931
958 886 867
88 646 1
93 827 651
738 406 209
386 751 809
912 67 549
720 288 213
587 389 381
521 165 709
615 546 922
982 927 65
318 926 985
218 548 71
709 297 59
688 251 781
693 905 27
294 767 3
478 945 965
544 671 305
359 663 831
621 240 874
655 554 269
924 898 861
323 919 790
840 85 233
653 669 995
977 390 11
91 457 893
950 830 611
900 137 277
759 924 61
936 9 241
